0.034
0.034
0.034
0.034
0.034
0.034
0.034
0.034
0.034
0.034
0.034
0.034
0.034
0.034
0.034
0.034
0.034
0.034
0.034
0.034
0.034
0.034
0.034
0.034
0.034
0.034
0.034
0.034
0.034
0.034
0.24
0.24
0.24
0.24
0.24
0.24
0.24
0.24
0.24
0.24
0.24
0.24
0.24
0.24
0.24
0.24
0.24
0.24
0.24
0.24
0.24
0.24
0.034
0.034
0.034
0.034
0.034
0.034
0.034
0.034
0.034
0.034
0.034
0.034
0.034
0.034
0.034
0.034
0.034
0.034
0.034
0.034
0.034
0.034
0.034
0.034
0.034
0.034
0.034
0.034
0.034
0.034
0.034
0.034
0.034
0.034
0.034
0.034
0.034
0.034
0.034
0.034
0.034
0.034
0.034
0.034
0.034
0.034
0.034
0.034
0.034
0.034
0.034
0.034
0.24
0.24
0.24
0.24
0.24
0.24
0.24
0.24
0.24
0.24
0.24
0.24
0.24
0.24
0.24
0.24
0.24
0.24
0.24
0.24
0.24
0.24
0.034
0.034
0.034
0.034
0.034
0.034
0.034
0.034
0.034
0.034
0.034
0.034
0.034
0.034
0.034
0.034
0.034
0.034
0.034
0.034
0.034
0.034
0.034
0.034
0.034
0.034
0.034
0.034
0.034
0.034
0.034
0.034
0.034
0.034
0.034
0.034
0.034
0.034
0.034
0.034
0.034
0.034
0.034
0.034
0.034
0.034
0.034
0.034
0.034
0.034
0.034
0.24
0.24
0.24
0.24
0.24
0.24
0.24
0.24
0.24
0.24
0.24
0.24
0.24
0.24
0.24
0.24
0.24
0.24
0.24
0.24
0.24
0.24
0.034
0.034
0.034
0.034
0.034
0.034
0.034
0.034
0.034
0.034
0.034
0.034
0.034
0.034
0.034
0.034
0.034
0.034
0.034
0.034
0.034
0.034
0.034
0.034
0.034
0.034
0.034
0.034
0.034
0.034
0.034
0.034
0.034
0.034
0.034
0.034
0.034
0.034
0.034
0.034
0.034
0.034
0.034
0.034
0.034
0.034
0.034
0.034
0.034
0.034
0.034
0.034
0.034
0.034
0.034
0.034
0.034
0.034
0.034
0.034
0.034
0.034
0.034
0.24
0.24
0.24
0.24
0.24
0.24
0.24
0.24
0.24
0.24
0.24
0.24
0.24
0.24
0.24
0.24
0.24
0.24
0.24
0.24
0.24
0.24
0.034
0.034
0.034
0.034
0.034
0.034
0.034
0.034
0.034
0.034
0.034
0.034
0.034
0.034
0.034
0.034
0.034
0.034
0.034
0.034
0.034
0.034
0.034
0.034
0.034
0.034
0.034
0.034
0.034
0.034
0.034
0.034
0.034
0.034
0.034
0.034
0.034
0.034
0.034
0.034
0.034
0.034
0.034
0.034
0.034
0.034
0.034
0.034
0.034
0.034
0.034
0.034
0.034
0.034
0.24
0.24
0.24
0.24
0.24
0.24
0.34
0.34
0.34
0.34
0.34
0.34
0.24
0.24
0.24
0.24
0.24
0.24
0.24
0.24
0.24
0.24
0.034
0.034
0.034
0.034
0.034
0.034
0.034
0.034
0.034
0.034
0.034
0.034
0.034
0.034
0.034
0.034
0.034
0.034
0.034
0.034
0.034
0.034
0.034
0.034
0.034
0.034
0.034
0.034
0.034
0.034
0.034
0.034
0.034
0.034
0.034
0.034
0.034
0.034
0.034
0.034
0.034
0.034
0.034
0.034
0.034
0.034
0.034
0.034
0.034
0.034
0.034
0.034
0.034
0.034
0.034
0.034
0.034
0.034
0.034
0.034
0.034
0.034
0.074
0.28
0.24
0.24
0.24
0.24
0.24
0.24
0.252
0.252
0.302
0.352
0.352
0.352
0.352
2.188
2.62
2.62
2.985
2.985
2.985
2.784
2.784
2.578
2.578
2.628
2.628
2.628
2.698
2.738
2.738
2.798
1.366
1.366
1.378
1.378
1.378
1.378
1.378
1.478
1.478
1.478
0.928
0.928
0.828
0.828
0.828
0.828
0.828
0.828
0.868
0.816
0.816
0.816
0.856
0.856
0.856
0.856
0.856
0.756
0.756
0.756
0.756
0.856
0.506
0.406
0.376
0.426
0.426
0.446
0.426
0.486
0.486
0.506
0.506
0.506
0.486
0.986
0.986
0.986
0.886
0.886
0.898
0.898
0.898
0.898
0.898
0.898
0.838
0.838
0.838
0.838
0.838
0.838
0.826
0.814
0.814
0.814
0.814
0.814
0.814
0.854
0.854
0.854
0.854
1.146
1.146
1.146
1.146
1.252
1.252
1.256
1.257
1.367
1.256
0.6
0.6
0.6
0.6
0.6
0.6
0.6
0.6
0.6
0.6
0.6
0.5
0.994
0.994
0.994
0.994
0.994
0.994
0.994
0.994
0.306
0.306
0.406
0.406
0.406
0.406
0.406
0.406
0.406
0.406
0.406
0.406
0.406
0.406
0.406
0.406
0.406
0.406
0.406
0.406
0.406
0.406
0.406
0.406
0.406
0.406
0.406
0.406
0.406
0.406
0.506
0.506
0.506
0.466
0.466
0.366
0.366
0.366
0.366
0.366
0.366
0.366
0.366
0.366
0.366
0.354
0.354
0.354
0.354
0.354
0.354
0.354
0.354
0.401
0.401
0.401
0.331
0.319
0.319
0.319
0.319
0.319
0.319
0.319
0.619
0.619
0.619
0.619
0.619
1.159
1.159
1.159
1.159
1.171
1.171
1.171
1.171
1.171
1.171
1.377
1.377
1.613
1.613
1.613
1.377
1.377
1.377
1.377
1.417
1.477
1.842
1.842
1.842
1.842
1.842
1.842
1.842
1.842
1.902
1.902
1.842
1.736
1.736
1.736
1.706
1.796
1.796
1.784
1.796
1.796
2.12
2.12
2.12
1.284
1.284
1.284
1.284
1.284
1.284
1.284
1.284
1.224
1.224
1.224
1.224
1.224
1.224
1.224
1.224
1.224
2.691
2.691
2.656
2.676
2.676
2.676
2.776
2.776
2.776
2.676
2.676
2.676
2.745
2.745
2.676
2.676
1.244
2.328
2.34
2.328
2.348
2.439
2.439
2.439
2.419
2.419
2.419
2.419
2.419
2.419
2.349
2.349
2.349
2.349
2.349
2.349
2.349
2.349
2.299
2.299
2.299
2.399
2.399
2.399
1.315
1.541
1.541
1.541
1.541
1.541
1.541
1.521
2.357
2.357
2.357
1.621
1.621
1.621
1.681
1.581
1.581
1.572
1.572
1.572
1.572
1.572
1.572
1.266
1.266
1.266
1.336
1.301
1.301
1.301
1.301
1.281
1.117
1.129
1.129
1.293
1.293
1.393
1.393
1.393
1.519
1.519
1.955
1.955
1.955
1.479
1.479
1.479
1.479
1.479
1.479
1.479
1.479
1.479
1.479
1.479
1.467
1.467
1.467
1.467
1.467
1.407
1.447
1.447
1.447
1.459
1.509
1.509
1.509
1.509
1.509
1.474
1.474
0.968
0.963
0.953
0.953
0.953
0.953
0.953
0.953
0.953
0.953
0.953
0.953
0.953
0.953
0.953
0.953
0.824
0.824
0.824
0.824
0.824
0.824
0.734
0.734
0.734
0.734
0.734
0.734
0.734
0.734
0.734
0.734
0.734
0.734
0.734
0.734
0.734
0.734
0.734
0.895
0.895
0.895
0.895
0.895
0.895
0.895
0.895
0.895
0.895
0.895
0.895
0.895
0.895
0.895
0.895
0.895
0.895
0.895
0.895
0.895
0.895
1.534
1.534
1.534
1.534
1.534
1.534
1.534
1.534
1.534
0.524
0.524
0.524
0.524
0.524
0.524
0.524
0.524
0.524
0.524
0.524
0.524
0.524
0.524
0.724
0.724
0.724
0.724
0.724
0.724
0.724
0.724
0.834
0.834
0.834
0.834
0.834
0.834
0.834
0.834
0.834
0.834
0.834
0.834
0.834
0.834
0.834
0.834
0.834
0.834
0.834
0.834
0.834
0.734
0.734
0.734
0.734
0.734
0.734
0.734
0.734
0.734
0.734
0.734
1.172
1.222
1.222
1.222
1.537
1.537
1.626
1.626
1.399
1.299
2.135
2.095
2.095
1.271
1.271
1.271
1.271
1.341
1.341
1.341
1.341
1.341
1.441
1.371
1.431
1.371
1.371
2.392
2.392
2.392
2.392
2.392
2.392
2.598
2.598
2.598
2.598
2.658
2.658
2.658
2.658
2.658
2.658
2.658
2.658
2.658
2.658
0.937
0.908
0.943
0.908
0.908
0.928
0.928
0.928
0.822
0.822
0.822
0.892
1.604
1.604
1.604
1.604
1.604
1.604
0.834
0.834
0.834
0.834
0.834
0.834
0.834
0.834
1.308
1.308
1.308
1.434
1.434
1.494
1.494
1.474
1.474
1.474
1.474
2.35
2.29
2.29
2.29
2.29
2.29
0.454
0.454
0.454
0.514
0.514
0.574
0.574
0.614
0.614
0.514
0.554
0.554
0.454
0.66
0.66
0.66
0.66
0.72
0.68
0.68
0.68
0.68
0.63
0.57
0.67
0.67
0.67
0.67
0.67
0.793
0.793
0.693
0.693
0.658
0.718
0.452
0.452
0.452
0.566
0.566
0.626
0.653
0.593
0.593
0.693
0.916
0.856
1.256
1.256
1.206
1.206
1.206
2.638
2.626
2.626
2.726
2.738
2.738
2.738
2.738
2.738
2.738
2.864
2.738
2.738
2.866
2.866
2.916
0.484
0.484
0.484
0.484
0.484
0.484
0.484
0.484
0.484
0.484
0.544
0.544
0.67
0.67
0.68
0.68
0.68
0.68
0.68
0.53
0.53
0.53
0.53
0.49
0.49
0.49
0.59
0.59
0.53
0.47
0.47
0.57
0.57
0.47
0.43
0.43
0.43
0.418
0.418
0.418
0.418
0.418
0.418
0.53
0.53
0.53
0.53
0.57
0.47
0.54
0.54
0.54
0.412
0.512
0.5
0.512
0.512
0.402
0.402
0.402
0.276
0.276
0.276
0.296
0.276
0.264
0.264
0.364
0.434
0.434
0.394
0.494
0.494
0.494
0.394
0.394
0.394
0.454
0.454
0.394
0.394
0.394
0.394
0.394
0.394
0.434
2.27
2.398
2.398
0.562
0.662
0.682
0.682
0.554
0.672
0.612
0.612
0.612
0.612
0.818
0.818
0.818
0.818
0.818
0.778
0.888
0.954
0.954
0.954
0.954
0.954
0.954
0.954
0.954
0.966
1.898
1.898
1.858
0.8
0.86
0.86
0.654
0.654
0.654
0.654
0.654
0.654
0.654
0.654
0.654
0.594
0.594
0.594
0.646
0.646
0.646
0.546
0.546
0.546
0.546
0.546
0.546
0.546
0.546
0.546
0.546
0.546
0.555
0.555
0.615
0.595
0.535
0.395
0.395
0.386
0.486
0.486
0.486
0.466
0.466
0.526
0.526
0.526
0.526
0.546
0.546
0.546
0.546
0.546
0.546
0.546
0.438
0.438
0.438
0.426
0.426
0.486
0.426
0.486
2.322
2.528
2.528
0.8
0.8
0.8
0.84
0.84
0.84
0.84
0.88
0.88
0.84
0.84
0.84
0.84
0.84
0.84
0.84
0.84
0.84
0.94
0.98
0.774
0.774
0.714
0.714
0.714
0.714
0.714
0.714
0.714
0.714
0.714
0.654
0.654
0.426
0.426
0.426
0.426
0.426
0.426
0.526
0.426
0.426
0.426
0.426
0.426
0.426
0.426
0.426
0.426
0.426
0.426
0.426
0.426
0.426
0.426
0.426
0.326
0.326
0.326
0.326
0.386
0.386
0.512
0.512
0.512
0.512
0.512
0.512
0.266
0.366
0.492
0.412
0.412
0.412
0.372
0.372
0.372
0.372
2.308
2.208
2.208
0.372
0.372
0.372
0.412
0.412
0.412
0.412
0.412
0.412
0.412
0.412
0.412
0.412
0.412
0.372
0.372
2.208
2.268
2.268
0.472
0.472
0.472
0.472
0.472
0.412
0.412
0.412
0.372
0.372
0.372
0.372
3.01
3.01
3.01
3.846
3.846
3.846
3.01
2.99
2.99
2.99
2.99
2.99
2.978
2.978
2.968
2.968
0.536
0.536
0.536
0.556
0.556
0.556
0.35
0.35
0.35
0.35
0.35
0.41
0.41
0.41
0.41
0.41
0.41
0.41
0.41
0.41
0.41
0.41
0.41
0.41
0.41
0.396
0.305
0.305
0.305
0.305
0.305
0.285
0.285
0.285
0.385
0.385
0.385
0.325
0.325
0.225
0.325
0.325
0.325
0.325

