0.053
0.053
0.053
0.053
0.053
0.053
0.053
0.053
0.053
0.053
0.053
0.053
0.053
0.053
0.053
0.053
0.053
0.053
0.053
0.053
0.053
0.053
0.053
0.053
0.053
0.053
0.053
0.053
0.053
0.053
0.053
0.053
0.053
0.053
0.053
0.053
0.053
0.053
0.053
0.053
0.053
0.225
0.225
0.225
0.225
0.225
0.225
0.225
0.225
0.225
0.225
0.225
0.225
0.225
0.225
0.225
0.225
0.225
0.225
0.225
0.225
0.225
0.225
0.053
0.053
0.053
0.053
0.053
0.053
0.053
0.053
0.053
0.053
0.053
0.053
0.053
0.153
0.153
0.053
0.053
0.053
0.053
0.053
0.053
0.053
0.053
0.053
0.053
0.053
0.053
0.053
0.053
0.053
0.053
0.053
0.053
0.053
0.053
0.053
0.053
0.053
0.053
0.053
0.053
0.053
0.053
0.053
0.053
0.053
0.053
0.053
0.053
0.053
0.053
0.053
0.053
0.053
0.053
0.053
0.053
0.053
0.053
0.225
0.225
0.225
0.225
0.225
0.225
0.225
0.225
0.225
0.34
0.34
0.34
0.34
0.34
0.34
0.34
0.34
0.34
0.34
0.34
0.34
0.34
0.168
0.168
0.168
0.168
0.168
0.053
0.053
0.053
0.053
0.053
0.053
0.053
0.053
0.053
0.053
0.053
0.053
0.053
0.053
0.053
0.053
0.053
0.053
0.053
0.053
0.053
0.053
0.053
0.053
0.053
0.053
0.053
0.053
0.053
0.053
0.053
0.053
0.053
0.053
0.053
0.053
0.053
0.053
0.053
0.053
0.053
0.225
0.225
0.225
0.225
0.225
0.225
0.225
0.225
0.225
0.225
0.225
0.225
0.225
0.225
0.225
0.225
0.225
0.225
0.225
0.225
0.225
0.225
0.053
0.053
0.053
0.053
0.053
0.053
0.053
0.053
0.053
0.053
0.053
0.053
0.053
0.053
0.053
0.053
0.053
0.053
0.053
0.053
0.053
0.053
0.053
0.053
0.053
0.053
0.053
0.053
0.053
0.053
0.053
0.053
0.053
0.053
0.053
0.053
0.053
0.053
0.053
0.053
0.053
0.053
0.053
0.053
0.053
0.053
0.053
0.053
0.053
0.053
0.053
0.053
0.053
0.053
0.053
0.053
0.053
0.225
0.225
0.225
0.225
0.225
0.225
0.225
0.225
0.225
0.225
0.225
0.225
0.225
0.225
0.225
0.225
0.225
0.225
0.225
0.225
0.225
0.225
0.053
0.053
0.053
0.053
0.053
0.053
0.053
0.053
0.053
0.053
0.053
0.053
0.053
0.053
0.053
0.053
0.053
0.053
0.053
0.053
0.053
0.053
0.053
0.053
0.053
0.053
0.053
0.053
0.053
0.053
0.053
0.053
0.053
0.053
0.053
0.053
0.053
0.053
0.053
0.053
0.053
0.053
0.053
0.053
0.053
0.053
0.053
0.053
0.053
0.053
0.053
0.053
0.053
0.168
0.168
0.168
0.168
0.168
0.168
0.168
0.168
0.168
0.168
0.168
0.34
0.34
0.34
0.34
0.34
0.34
0.34
0.225
0.225
0.225
0.225
0.225
0.225
0.225
0.225
0.225
0.225
0.225
0.225
0.225
0.225
0.225
0.053
0.053
0.053
0.053
0.053
0.053
0.053
0.053
0.053
0.053
0.053
0.053
0.053
0.053
0.053
0.053
0.053
0.053
0.053
0.053
0.053
0.053
0.053
0.053
0.053
0.053
0.053
0.053
0.053
0.053
0.053
0.168
0.168
0.168
0.168
0.168
0.168
0.168
0.168
0.168
0.168
0.168
0.168
0.168
0.168
0.168
0.168
0.168
0.168
0.053
0.053
0.053
0.053
0.053
0.053
0.053
0.053
0.225
0.225
0.225
0.225
0.225
0.225
0.225
0.225
0.225
0.225
0.225
0.225
0.225
0.225
0.225
0.225
0.328
0.428
0.428
0.325
0.325
1.754
1.582
1.582
0.753
0.868
0.803
0.748
0.748
0.248
0.248
0.248
0.363
1.602
1.602
1.657
1.657
1.657
3.509
3.509
3.509
3.409
3.394
3.294
3.294
3.294
3.294
3.294
3.294
3.394
3.594
3.594
3.594
3.679
3.679
3.679
1.598
1.598
1.598
1.598
1.598
1.598
1.598
1.598
1.598
1.598
1.598
1.598
1.598
1.598
1.598
1.598
1.598
1.598
1.785
1.785
1.785
1.785
1.785
1.785
1.785
1.785
1.785
1.785
1.785
1.785
1.785
1.785
1.785
1.785
1.785
1.785
1.785
1.785
1.785
1.785
3.179
3.144
3.144
3.144
3.144
3.376
3.476
3.476
3.476
1.624
1.624
1.624
1.684
1.744
1.859
1.894
1.894
1.894
1.894
1.894
1.894
1.894
1.859
1.859
1.859
1.859
1.859
1.687
1.787
1.787
1.627
1.627
1.512
1.512
1.512
1.512
1.512
0.680
0.680
0.680
0.750
0.895
0.895
0.895
0.895
0.895
0.980
0.980
0.980
2.862
2.862
2.862
0.150
0.150
0.150
0.295
0.295
0.295
0.580
0.580
2.422
2.397
2.397
1.405
1.405
1.405
1.405
1.405
1.405
1.751
1.751
1.751
1.751
0.980
0.980
0.980
0.980
2.65
2.65
2.65
2.65
2.65
2.59
2.59
2.59
2.59
2.59
2.59
2.59
2.59
3.09
3.09
3.09
2.803
2.803
2.858
2.858
2.858
0.875
0.875
0.875
0.82
0.832
0.832
0.832
0.832
0.832
0.832
0.982
0.832
0.832
0.989
0.989
0.989
0.989
0.989
0.989
0.989
0.989
0.872
0.925
0.925
0.925
0.925
0.925
0.925
0.925
0.925
0.925
0.925
0.925
0.925
0.925
0.925
0.925
0.925
0.925
0.925
0.925
0.925
0.925
0.925
0.925
0.925
0.925
0.925
0.925
0.925
0.925
0.925
1.325
1.325
1.325
1.325
1.325
1.325
1.325
1.325
1.325
1.325
1.325
1.302
1.302
0.525
0.525
0.525
1.225
1.225
0.525
0.525
0.525
0.525
0.624
0.624
0.624
0.624
0.412
0.412
0.412
0.412
0.412
0.412
0.412
0.412
0.412
0.412
0.412
0.589
0.589
0.412
0.297
0.297
0.297
0.297
0.297
0.297
0.297
1.125
1.125
1.125
1.302
1.302
0.962
0.962
0.962
0.962
0.962
0.853
0.853
0.853
0.865
0.865
0.865
0.965
1.359
1.359
1.359
1.431
1.493
1.548
1.548
1.493
1.493
1.493
1.493
1.476
1.476
1.476
1.476
1.476
1.476
1.596
1.596
1.536
1.536
2.536
2.536
2.536
2.536
2.536
2.536
2.636
2.636
2.808
2.808
2.808
1.765
1.765
1.765
1.861
1.964
1.964
1.909
1.959
1.959
1.859
1.959
1.959
1.959
2.019
2.054
2.054
2.054
2.114
2.054
1.885
1.885
2.000
1.997
1.997
1.997
1.997
1.997
1.997
0.758
0.758
0.758
0.758
0.708
0.708
0.739
0.739
0.739
0.739
0.839
0.724
0.724
0.724
1.224
2.153
1.653
1.653
0.724
0.628
0.628
0.628
0.628
0.628
0.628
0.628
2.717
2.717
2.817
1.683
1.683
1.683
2.033
2.033
1.973
2.115
1.565
1.56
1.56
1.56
1.56
1.66
1.66
1.66
1.66
1.66
1.66
1.66
1.737
1.737
1.66
1.66
1.615
1.615
1.615
1.56
1.675
1.575
1.675
1.548
1.548
1.725
1.608
1.431
1.331
1.331
1.331
1.331
1.331
1.331
1.331
1.331
1.331
1.331
1.393
1.393
1.651
1.651
1.651
1.62
1.62
1.053
1.053
1.053
1.053
1.053
1.053
1.053
1.053
1.053
1.053
1.053
1.053
1.053
1.053
1.088
1.088
1.088
1.053
1.053
1.053
1.053
1.113
1.113
1.113
1.113
1.125
1.065
1.065
0.605
0.605
0.605
0.605
0.605
0.605
0.605
0.605
0.605
0.477
0.477
0.777
0.777
0.777
0.777
0.777
0.777
0.777
0.777
0.512
0.512
0.512
0.512
0.512
0.512
0.512
0.512
0.512
0.572
0.572
0.512
0.834
0.834
0.834
0.834
0.834
0.817
0.842
0.842
0.902
0.902
0.842
0.842
0.702
0.702
0.952
0.952
0.952
0.952
0.648
0.648
0.498
0.533
0.533
0.533
0.533
0.533
0.621
0.621
0.621
0.621
0.561
0.561
0.616
0.616
0.616
0.616
0.616
0.616
0.616
0.616
0.616
0.616
0.616
0.616
0.676
0.576
0.576
0.988
0.988
1.038
1.038
1.038
1.038
0.688
0.85
0.85
0.95
0.95
0.8
0.8
0.8
0.915
0.915
0.915
0.798
0.798
0.798
0.798
0.898
0.726
0.691
0.691
0.591
0.591
0.591
0.591
0.591
0.651
0.651
0.536
0.536
0.536
0.536
0.536
0.536
0.476
0.476
0.943
0.943
0.943
0.883
0.533
0.533
0.533
0.593
0.593
0.593
0.593
0.593
0.593
0.593
0.593
0.593
0.593
0.602
0.485
0.485
0.485
0.485
0.485
0.635
0.635
0.485
0.485
0.473
0.473
0.623
0.563
0.358
0.558
0.408
0.468
0.468
0.468
0.318
0.418
0.418
0.418
0.671
0.521
0.521
0.581
0.521
0.421
0.321
0.493
0.628
0.743
0.743
0.708
0.708
0.893
0.893
0.893
0.933
0.933
0.833
0.828
0.828
1.293
1.238
1.238
3.327
3.327
3.327
1.123
1.123
0.951
0.951
0.951
0.951
0.951
0.954
0.954
0.454
0.454
0.554
0.554
0.554
0.604
0.604
0.659
0.659
0.659
0.659
0.759
0.659
0.65
0.65
0.71
0.71
0.71
0.71
2.649
2.649
2.649
0.56
0.56
0.56
0.56
0.56
0.51
0.56
0.51
0.51
0.57
0.57
0.57
0.57
0.57
0.474
0.474
0.474
0.474
0.474
0.681
0.681
0.681
0.781
1.031
0.931
0.931
0.931
0.581
0.581
0.506
0.523
0.599
0.599
0.496
0.496
0.496
0.496
0.450
0.450
0.409
0.559
0.887
0.99
0.99
0.99
0.99
0.99
0.99
1.879
1.879
1.879
0.49
0.49
0.43
0.53
0.43
0.43
0.43
0.43
0.43
0.43
0.43
0.43
0.43
0.43
0.545
0.545
1.08
1.08
1.08
1.08
1.08
1.08
1.092
1.092
1.092
1.092
1.092
1.092
0.592
0.652
0.688
0.688
0.573
0.573
0.573
0.673
0.573
0.538
0.538
0.538
0.538
0.598
0.658
0.758
0.758
1.43
1.43
1.327
1.327
1.387
1.387
1.387
1.387
1.291
1.322
1.322
1.322
1.322
1.322
1.322
1.322
1.253
1.253
1.043
1.043
1.043
1.043
0.967
0.967
0.967
0.967
1.102
1.062
1.062
1.162
1.162
1.279
1.279
1.162
1.222
1.322
1.262
1.25
1.25
1.415
1.415
1.365
1.365
1.365
1.365
1.715
1.615
1.669
1.669
1.319
1.319
1.293
1.293
1.143
1.143
1.143
1.143
1.028
1.028
1.028
1.028
0.928
0.928
0.928
0.928
0.988
0.988
0.988
1.084
1.084
1.084
1.084
1.084
1.084
1.084
1.084
1.084
1.084
1.084
1.084
1.084
1.306
1.275
1.175
1.275
1.412
1.412
1.412
1.392
1.392
1.392
1.392
1.392
1.392
1.392
1.452
1.452
1.392
1.437
1.587
1.687
1.627
1.627
1.455
1.455
1.49
1.49
1.49
1.49
1.49
1.49
1.49
1.49
3.579
3.644
3.644
1.455
1.57
1.63
1.63
1.52
1.623
1.623
1.678
1.669
1.669
1.669
1.669
1.609
1.509
1.454
1.454
1.454
1.574
1.514
1.339
1.339
1.348
1.379
1.283
1.343
1.343
1.343
1.243
1.243
1.093
1.193
1.193
1.093
1.093
1.133
1.133
1.093
1.093
0.976
0.976
0.976
0.976
0.976
0.976
0.976
0.936
0.936
0.936
0.936
0.971
0.971
0.911
0.911
0.911
0.911
0.911
1.061
1.233
1.29
1.29
1.29
1.405
1.405
1.505
1.405
1.255
1.255
1.295
1.295
1.255
1.31
1.31
1.31
1.31
1.31
1.31
0.81
0.966
1.376
1.089
1.089
1.101
0.751
0.655
0.655
0.655
0.655
0.755
0.667
0.607
0.547
0.547
0.547
0.547
0.538
0.507
0.516
0.666
