0.047
0.047
0.047
0.047
0.067
0.067
0.067
0.067
0.067
0.067
0.047
0.047
0.047
0.047
0.047
0.047
0.047
0.047
0.047
0.047
0.047
0.047
0.047
0.047
0.047
0.047
0.047
0.047
0.047
0.047
0.047
0.047
0.047
0.047
0.047
0.047
0.047
0.047
0.047
0.047
0.047
0.047
0.047
0.047
0.183
0.183
0.183
0.183
0.183
0.183
0.183
0.183
0.183
0.183
0.183
0.183
0.183
0.183
0.183
0.183
0.183
0.183
0.047
0.047
0.047
0.047
0.047
0.047
0.047
0.047
0.047
0.047
0.047
0.047
0.047
0.047
0.047
0.047
0.047
0.047
0.047
0.047
0.047
0.22
0.22
0.22
0.22
0.22
0.22
0.22
0.22
0.22
0.22
0.22
0.22
0.22
0.22
0.22
0.22
0.22
0.22
0.22
0.22
0.22
0.22
0.047
0.047
0.047
0.047
0.047
0.047
0.047
0.047
0.047
0.047
0.047
0.047
0.047
0.047
0.047
0.047
0.047
0.047
0.047
0.047
0.047
0.047
0.047
0.047
0.047
0.047
0.047
0.047
0.047
0.047
0.047
0.047
0.047
0.047
0.047
0.047
0.047
0.047
0.047
0.047
0.047
0.047
0.047
0.047
0.047
0.047
0.047
0.047
0.047
0.047
0.047
0.047
0.047
0.047
0.047
0.047
0.047
0.047
0.047
0.047
0.047
0.047
0.047
0.047
0.047
0.047
0.047
0.047
0.047
0.22
0.22
0.22
0.22
0.22
0.22
0.22
0.22
0.22
0.22
0.22
0.22
0.22
0.22
0.22
0.22
0.22
0.22
0.22
0.22
0.22
0.22
0.047
0.047
0.047
0.183
0.183
0.183
0.183
0.183
0.183
0.183
0.183
0.183
0.183
0.183
0.183
0.183
0.183
0.183
0.183
0.183
0.183
0.047
0.047
0.047
0.047
0.047
0.047
0.047
0.047
0.047
0.047
0.047
0.047
0.047
0.047
0.047
0.047
0.047
0.047
0.047
0.047
0.047
0.047
0.047
0.047
0.047
0.047
0.047
0.047
0.047
0.047
0.047
0.047
0.047
0.047
0.047
0.047
0.047
0.047
0.047
0.047
0.047
0.047
0.047
0.047
0.047
0.047
0.047
0.047
0.047
0.047
0.047
0.047
0.22
0.22
0.22
0.22
0.356
0.356
0.356
0.356
0.356
0.356
0.356
0.356
0.356
0.356
0.356
0.356
0.356
0.356
0.356
0.356
0.356
0.356
0.047
0.047
0.047
0.047
0.047
0.047
0.047
0.047
0.047
0.047
0.047
0.047
0.087
0.107
0.207
0.207
0.283
0.283
0.283
0.047
0.047
0.047
0.047
0.047
0.047
0.047
0.047
0.047
0.047
0.047
0.047
0.047
0.047
0.047
0.047
0.047
0.047
0.047
0.047
0.047
0.047
0.047
0.047
0.047
0.22
0.22
0.22
0.22
0.22
0.22
0.22
0.22
0.22
0.22
0.22
0.22
0.22
0.22
0.22
0.22
0.22
0.22
0.22
0.22
0.22
0.22
0.047
0.047
0.047
0.047
0.047
0.047
0.047
0.047
0.047
0.047
0.047
0.047
0.047
0.047
0.047
0.047
0.047
0.047
0.047
0.047
0.047
0.047
0.047
0.047
0.047
0.047
0.047
0.047
0.047
0.047
0.047
0.047
0.047
0.047
0.047
0.047
0.047
0.047
0.047
0.047
0.047
0.047
0.047
0.047
0.047
0.047
0.183
0.183
0.203
0.223
0.223
0.203
0.203
0.203
0.212
0.232
0.232
0.232
0.232
0.332
0.332
0.332
0.375
0.375
0.499
0.499
0.499
0.499
0.499
0.499
0.499
0.875
0.875
0.875
0.935
0.935
0.935
0.935
0.935
0.529
0.352
0.534
0.534
0.522
0.522
0.522
0.522
0.522
0.522
0.522
0.522
0.522
0.522
0.522
0.522
0.522
0.522
0.522
0.522
0.522
0.522
0.522
0.522
0.522
0.522
0.183
0.183
0.183
0.183
0.183
0.183
0.183
0.183
0.183
0.183
0.183
0.183
0.183
0.183
0.183
0.183
0.183
0.183
0.247
0.247
0.247
0.247
0.247
0.247
0.247
0.247
0.247
0.247
0.247
0.247
0.247
0.247
0.247
0.247
0.247
0.247
0.247
0.247
0.247
0.247
0.247
0.247
0.247
0.247
0.22
0.22
0.22
0.22
0.22
0.22
0.22
0.22
0.22
0.22
0.22
0.22
0.22
0.22
0.22
0.22
0.22
0.22
0.22
0.22
0.22
0.22
0.047
0.047
0.047
0.047
0.047
0.047
0.047
0.047
0.047
0.047
0.047
0.047
0.107
0.107
0.167
0.167
0.167
0.407
0.427
0.327
0.327
0.327
0.407
0.407
0.407
0.507
0.507
0.447
0.447
0.447
0.447
0.447
0.487
0.487
0.43
0.45
0.407
0.467
0.467
0.407
0.523
0.523
0.483
0.619
0.619
0.619
0.543
0.543
0.543
0.543
0.543
0.543
0.543
0.423
0.423
0.423
0.456
0.456
0.456
0.456
0.456
0.396
2.826
2.806
2.939
1.778
1.914
1.814
1.814
1.814
2.588
2.588
2.588
2.588
2.588
2.428
2.468
2.459
2.439
2.439
2.439
2.439
2.579
2.579
2.843
2.843
1.987
1.987
1.987
1.987
1.93
1.93
1.91
1.91
1.85
1.85
1.85
1.85
1.85
1.926
1.652
1.652
1.576
1.585
1.469
1.545
1.545
1.645
1.569
1.569
1.569
2.373
2.382
2.458
1.512
1.584
1.584
1.584
1.584
1.564
1.624
1.633
1.633
2.607
2.607
2.607
2.607
2.683
2.683
2.65
2.65
2.65
2.65
2.65
2.65
2.71
2.71
2.71
2.71
2.73
2.73
2.73
2.73
2.73
0.747
0.807
0.807
2.717
2.717
2.657
0.787
0.744
0.684
0.684
0.684
0.684
0.624
0.624
0.624
0.624
0.624
0.624
0.624
0.667
0.667
0.914
0.914
0.97
0.97
0.97
0.97
0.97
0.97
0.97
0.97
0.97
0.91
0.91
0.91
0.91
0.89
0.89
0.89
0.89
0.89
0.841
0.841
0.668
0.668
0.688
0.628
0.628
0.628
0.628
0.628
0.648
0.648
0.648
0.698
0.698
0.698
0.698
0.618
0.618
0.618
0.718
0.718
0.895
0.895
0.718
0.718
0.618
0.618
0.618
0.618
0.618
0.618
0.618
0.618
0.575
0.702
0.702
0.525
0.525
1.717
1.703
1.703
1.703
1.703
1.751
1.771
1.771
1.723
1.9
1.9
1.803
1.999
1.999
1.999
1.999
1.999
1.923
0.255
0.255
0.428
0.428
0.605
0.605
0.923
0.923
0.923
0.923
0.923
0.356
0.22
0.22
0.22
0.22
0.22
0.22
0.22
0.22
0.22
0.22
0.22
0.22
0.047
0.047
0.047
0.047
0.047
0.047
0.047
0.047
0.047
0.047
0.047
0.047
0.047
0.047
0.047
0.047
0.047
0.047
0.047
0.047
0.047
0.047
0.047
0.047
0.047
0.047
0.047
0.047
0.047
0.047
0.047
0.047
0.047
0.047
0.047
0.047
0.047
0.047
0.047
0.047
0.047
0.047
0.047
0.047
0.047
0.047
0.047
0.047
0.047
0.047
0.047
0.047
0.047
0.047
0.047
0.047
0.22
0.22
0.22
0.22
0.22
0.22
0.22
0.22
0.22
0.22
0.22
0.22
0.22
0.22
0.22
0.22
0.22
0.22
0.22
0.22
0.22
0.22
0.047
0.047
0.047
0.047
0.047
0.047
0.047
0.047
0.047
0.047
0.047
0.047
0.047
0.047
0.047
0.047
0.047
0.047
0.047
0.047
0.047
0.047
0.047
0.047
0.047
0.047
0.047
0.047
0.047
0.047
0.047
0.183
0.183
0.183
0.183
0.183
0.183
0.183
0.183
0.183
0.183
0.183
0.183
0.183
0.183
0.183
0.183
0.183
0.183
0.047
0.047
0.047
0.047
0.047
0.047
0.047
0.047
0.047
0.047
0.047
0.047
0.047
0.047
0.047
0.047
0.047
0.047
0.047
0.047
0.047
0.047
0.047
0.047
0.22
0.22
0.22
0.22
0.22
0.22
0.22
0.22
0.22
0.22
0.22
0.22
0.22
0.22
0.22
0.22
0.22
0.22
0.22
0.22
0.22
0.22
0.047
0.047
0.047
0.047
0.047
0.047
0.047
0.047
0.047
0.183
0.183
0.183
0.183
0.183
0.183
0.183
0.183
0.183
0.183
0.183
0.183
0.183
0.183
0.183
0.183
0.183
0.183
0.047
0.047
0.047
0.047
0.047
0.047
0.047
0.047
0.047
0.047
0.047
0.047
0.047
0.047
0.047
0.047
0.047
0.047
0.047
0.047
0.047
0.047
0.047
0.047
0.047
0.047
0.047
0.047
0.047
0.047
0.047
0.047
0.047
0.047
0.047
0.047
0.047
0.047
0.047
0.047
0.047
0.047
0.047
0.047
0.047
0.047
0.047
0.047
0.047
0.047
0.047
0.047
0.047
0.047
0.047
0.22
0.22
0.22
0.22
0.22
0.22
0.22
0.22
0.22
0.22
0.22
0.22
0.22
0.22
0.22
0.22
0.22
0.22
0.22
0.22
0.22
0.22
0.047
0.047
0.047
0.047
0.047
0.047
0.047
0.047
0.047
0.047
0.047
0.047
0.047
0.047
0.047
0.047
0.047
0.047
0.047
1.355
1.355
1.355
1.415
1.435
1.444
1.444
1.444
1.444
1.444
1.444
1.328
1.308
1.308
1.308
1.348
1.348
1.348
1.348
1.348
1.362
1.438
1.438
1.362
1.362
1.362
1.362
1.362
1.362
1.362
1.362
1.362
1.362
1.362
1.362
1.362
1.671
1.671
1.671
1.671
1.731
1.731
0.539
0.539
0.511
0.511
0.491
0.491
0.491
0.551
0.571
0.491
0.534
0.534
0.358
0.358
0.474
0.474
0.258
0.258
0.258
0.258
0.258
0.246
0.246
0.246
0.246
0.246
0.286
0.286
0.286
0.286
0.186
0.186
0.186
0.186
0.186
0.206
0.273
0.273
0.259
2.129
2.053
2.053
0.259
0.243
0.323
0.323
0.243
0.243
0.243
0.346
0.406
0.406
0.406
0.466
0.466
0.415
0.415
0.555
0.631
0.555
0.728
0.828
0.828
0.728
0.728
0.828
0.828
0.828
0.861
0.861
0.861
0.994
1.13
1.13
1.13
1.13
1.13
1.13
1.13
1.13
1.13
1.13
0.977
0.986
0.986
0.986
0.986
0.846
0.846
0.906
0.83
0.89
0.89
0.83
0.83
0.83
0.83
0.77
0.83
0.97
0.91
0.77
0.77
0.77
0.77
0.766
0.69
0.766
0.766
0.766
0.766
0.79
0.73
0.63
0.63
0.63
0.63
0.63
0.63
0.63
0.63
0.63
0.63
0.63
0.678
0.738
0.682
0.622
0.613
0.613
0.613
0.613
0.613
0.613
0.765
0.941
0.941
0.941
0.941
0.881
0.881
0.839
0.839
0.823
0.959
0.899
0.856
0.856
0.856
0.899
1.132
1.132
0.936
3.539
3.539
3.439
3.439
3.439
3.439
3.439
3.439
3.439
3.439
3.396
3.396
3.396
3.396
3.396
3.396
0.733
0.733
0.733
0.56
0.56
0.56
0.56
0.56
0.56
0.62
0.56
0.56
0.484
0.484
0.484
0.484
0.484
0.624
0.508
0.508
0.508
0.508
0.508
0.508
0.608
0.668
0.648
0.588
0.588
0.588
0.588
0.588
0.588
0.638
0.638
0.638
0.638
0.638
0.638
0.538
0.598
0.734
0.734
0.734
0.734
0.601
0.553
0.553
0.553
0.629
0.649
0.649
0.629
0.638
0.498
0.489
0.489
0.489
0.549
0.413
0.413
0.413
0.46
0.46
0.46
0.46
0.706
0.706
0.715
0.715
0.715
0.715
0.665
0.725
0.725
0.745
0.745
0.745
0.685
0.22
0.22
0.22
0.22
0.22
0.22
0.22
0.22
0.22
0.047
0.047
0.047
0.047
0.047
0.047
0.047
0.047
0.047
0.047
0.047
0.047
0.047
0.047
0.047
0.047
0.047
0.047
0.047
0.047
0.047
0.047
0.047
0.047
0.047
0.047
0.047
0.047
0.047
0.183
0.183
0.183
0.183
0.183
0.183
0.183
0.183
0.183
0.183
0.183
0.183
0.183
0.183
0.183
0.183
0.183
0.183
0.047
0.047
0.047
0.047
