0.052
0.052
0.052
0.052
0.052
0.052
0.052
0.268
0.268
0.268
0.268
0.268
0.268
0.268
0.268
0.268
0.268
0.268
0.268
0.268
0.268
0.052
0.052
0.052
0.052
0.052
0.052
0.052
0.052
0.052
0.052
0.052
0.052
0.052
0.052
0.052
0.052
0.052
0.052
0.052
0.052
0.052
0.052
0.052
0.052
0.052
0.052
0.052
0.052
0.052
0.052
0.052
0.052
0.052
0.052
0.052
0.052
0.052
0.052
0.052
0.052
0.052
0.052
0.052
0.052
0.052
0.052
0.052
0.052
0.052
0.052
0.052
0.052
0.052
0.052
0.052
0.052
0.268
0.268
0.268
0.268
0.268
0.268
0.268
0.268
0.268
0.268
0.268
0.268
0.268
0.373
0.157
0.157
0.157
0.157
0.157
0.157
0.157
0.157
0.157
0.157
0.157
0.157
0.157
0.157
0.157
0.157
0.157
0.052
0.052
0.052
0.172
0.232
0.276
0.216
0.156
0.156
0.156
0.156
0.216
0.251
0.207
0.207
0.247
0.247
0.247
0.247
0.147
0.207
0.207
0.147
0.22
0.16
0.22
0.22
0.22
0.22
0.22
0.22
0.22
0.052
0.052
0.052
0.052
0.184
0.184
0.184
0.184
0.4
0.505
0.505
0.505
0.505
0.505
0.505
0.505
0.505
0.505
0.505
0.505
0.505
0.505
0.289
0.289
0.157
0.157
0.157
0.052
0.052
0.052
0.052
0.052
0.052
0.052
0.052
0.052
0.052
0.052
0.052
0.052
0.052
0.052
0.052
0.052
0.052
0.052
0.052
0.052
0.052
0.052
0.052
0.052
0.052
0.052
0.052
0.052
0.052
0.052
0.052
0.052
0.052
0.052
0.052
0.052
0.052
0.052
0.052
0.052
0.052
0.052
0.052
0.184
0.184
0.184
0.184
0.184
0.184
0.184
0.184
0.4
0.4
0.4
0.4
0.4
0.4
0.4
0.4
0.4
0.4
0.4
0.4
0.268
0.268
0.052
0.052
0.052
0.052
0.052
0.052
0.052
0.052
0.052
0.052
0.052
0.052
0.052
0.052
0.052
0.052
0.052
0.052
0.052
0.052
0.052
0.052
0.052
0.052
0.052
0.052
0.052
0.052
0.052
0.052
0.052
0.052
0.052
0.052
0.052
0.052
0.052
0.052
0.052
0.052
0.052
0.052
0.052
0.052
0.052
0.052
0.052
0.052
0.052
0.052
0.052
0.052
0.052
0.052
0.052
0.052
0.052
0.052
0.052
0.052
0.052
0.052
0.052
0.157
0.157
0.157
0.157
0.157
0.373
0.373
0.373
0.373
0.373
0.373
0.373
0.505
0.505
0.505
0.505
0.505
0.505
0.4
0.184
0.184
0.184
0.184
0.184
0.184
0.184
0.184
0.184
0.184
0.184
0.184
0.184
0.052
0.052
0.052
0.052
0.052
0.052
0.052
0.052
0.052
0.052
0.052
0.052
0.052
0.052
0.052
0.052
0.052
0.052
0.052
0.052
0.052
0.052
0.065
0.125
0.125
0.125
0.125
0.125
0.185
0.185
0.185
0.245
0.245
0.245
0.245
0.245
0.245
0.245
0.245
0.305
0.305
0.305
0.305
0.305
0.305
0.41
0.41
0.41
0.626
0.626
0.626
0.626
0.626
0.626
0.626
0.626
0.626
0.626
0.626
0.626
0.626
0.626
0.41
0.305
0.437
0.437
0.437
0.437
0.437
0.437
0.575
0.575
0.575
0.575
0.575
0.575
0.575
0.575
0.515
0.515
0.515
0.515
0.515
0.515
0.383
0.383
0.31
0.31
0.31
0.25
0.25
0.25
0.052
0.052
0.052
0.052
0.052
0.052
0.052
0.052
0.052
0.052
0.052
0.052
0.052
0.052
0.052
0.052
0.052
0.052
0.052
0.052
0.052
0.052
0.052
0.052
0.052
0.052
0.052
0.052
0.052
0.052
0.052
0.052
0.184
0.184
0.184
0.184
0.184
0.184
0.184
0.184
0.184
0.184
0.184
0.184
0.184
0.184
0.184
0.184
0.184
0.184
0.184
0.4
0.268
0.268
0.268
0.268
0.268
0.268
0.268
0.268
0.406
0.406
0.406
0.406
0.406
0.19
0.19
0.19
0.19
0.295
0.295
0.295
0.295
0.295
0.295
0.295
0.295
0.295
0.295
0.295
0.157
0.157
0.157
0.157
0.157
0.157
0.157
0.052
0.052
0.052
0.19
0.19
0.19
0.19
0.19
0.19
0.19
0.19
0.19
0.19
0.19
0.322
0.322
0.372
0.372
0.372
0.372
0.372
0.372
0.372
0.718
0.718
0.718
0.718
0.372
0.372
0.372
0.372
0.372
0.372
0.372
0.24
0.24
0.24
0.24
0.24
0.24
0.24
0.24
0.456
0.456
0.456
0.456
0.456
0.456
0.456
0.456
0.456
0.456
0.492
0.492
0.492
0.492
2.071
2.071
2.071
2.071
2.021
2.021
2.021
2.021
2.021
2.021
2.021
2.021
2.021
2.021
2.021
2.021
2.021
2.021
2.021
2.021
0.226
0.226
0.226
0.226
0.226
0.226
0.226
0.226
0.226
0.358
0.358
0.358
0.358
0.358
0.358
0.358
0.358
0.358
0.358
0.358
0.358
0.358
0.358
0.358
0.358
0.358
0.358
0.358
0.358
0.226
0.226
0.226
0.226
0.226
0.226
0.239
0.239
0.239
0.239
0.239
0.239
0.239
0.239
0.239
0.239
0.239
0.239
0.239
0.239
0.203
0.203
0.203
0.419
0.419
0.419
0.419
0.524
0.524
0.524
0.524
0.524
0.524
0.524
0.524
0.524
0.524
0.308
0.308
0.308
0.308
0.308
0.308
0.308
0.308
0.203
0.203
0.203
0.203
0.203
0.203
0.203
0.203
0.203
0.203
0.203
0.203
0.203
0.203
0.203
0.203
0.203
0.203
0.203
0.203
0.203
0.203
0.203
0.203
0.335
0.335
0.335
0.335
0.335
0.335
0.335
0.335
0.335
0.335
0.322
0.322
0.322
0.322
0.322
0.322
0.322
0.322
0.322
0.322
0.19
0.19
0.295
0.295
0.295
0.295
0.295
0.295
0.511
0.511
0.511
0.511
0.511
0.511
0.511
0.511
0.523
0.558
0.558
0.558
0.418
0.418
0.202
0.202
0.202
0.202
0.202
0.202
0.202
0.202
0.202
0.202
0.202
0.202
0.202
0.202
0.202
0.202
0.202
0.202
0.202
0.202
0.202
0.202
0.202
0.202
0.202
0.202
0.202
0.202
0.202
0.202
0.202
0.202
0.202
0.369
0.369
0.369
0.369
0.369
0.369
0.369
0.369
0.334
0.334
0.334
0.334
0.196
0.196
0.196
0.196
0.196
0.196
0.196
0.196
0.064
0.052
0.052
0.052
0.052
0.052
0.052
0.052
0.052
0.052
0.052
0.052
0.052
0.157
0.157
0.157
0.157
0.157
0.157
0.157
0.157
0.373
0.373
0.373
0.373
0.373
0.373
0.373
0.373
0.373
0.373
0.268
0.268
0.268
0.268
0.052
0.052
0.052
0.052
0.052
0.052
0.052
0.052
0.052
0.052
0.052
0.064
0.064
0.064
0.064
0.064
0.064
0.196
0.196
0.196
0.196
0.196
0.196
0.196
0.196
0.196
0.196
0.196
0.196
0.196
0.196
0.542
0.542
0.542
0.647
0.301
0.301
0.169
0.169
0.157
0.157
0.157
0.157
0.157
0.157
0.157
0.157
0.157
0.157
0.157
0.157
0.157
0.052
0.052
0.052
0.052
0.052
0.052
0.052
0.052
0.052
0.052
0.052
0.052
0.052
0.052
0.052
0.052
0.052
0.052
0.268
0.268
0.268
0.268
0.268
0.268
0.268
0.268
0.268
0.268
0.268
0.268
0.268
0.268
0.052
0.052
0.052
0.052
0.052
0.052
0.184
0.184
0.184
0.184
0.184
0.184
0.184
0.289
0.289
0.289
0.289
0.289
0.289
0.289
0.289
0.289
0.289
0.289
0.289
0.289
0.157
0.157
0.157
0.157
0.157
0.052
0.052
0.052
0.052
0.052
0.052
0.052
0.052
0.052
0.052
0.052
0.052
0.052
0.052
0.052
0.052
0.052
0.052
0.052
0.052
0.052
0.052
0.052
0.052
0.052
0.052
0.052
0.052
0.052
0.052
0.052
0.052
0.052
0.052
0.052
0.052
0.052
0.052
0.052
0.052
0.184
0.184
0.184
0.184
0.184
0.184
0.4
0.4
0.4
0.4
0.4
0.4
0.4
0.4
0.4
0.4
0.4
0.4
0.4
0.4
0.052
0.052
0.052
0.052
0.052
0.052
0.052
0.052
0.052
0.052
0.157
0.157
0.157
0.157
0.157
0.157
0.157
0.157
0.157
0.157
0.157
0.157
0.157
0.157
0.157
0.157
0.157
0.157
0.052
0.052
0.052
0.052
0.052
0.052
0.052
0.052
0.052
0.052
0.052
0.052
0.052
0.052
0.052
0.052
0.052
0.052
0.052
0.052
0.052
0.052
0.052
0.052
0.052
0.052
0.052
0.052
0.052
0.052
0.052
0.052
0.052
0.052
0.052
0.268
0.34
0.467
0.34
0.34
0.34
0.34
0.445
0.549
0.549
0.549
0.549
0.549
0.549
0.333
0.333
0.333
0.465
0.465
0.465
0.465
0.465
0.465
0.465
0.465
0.36
0.256
0.256
0.256
0.256
0.256
0.256
0.256
0.244
0.244
0.244
0.244
0.112
0.112
0.112
0.112
0.124
0.124
0.124
0.124
0.124
0.124
0.124
0.124
0.124
0.124
0.124
0.124
0.124
0.124
0.124
0.124
0.124
0.124
0.124
0.124
0.124
0.064
0.064
0.064
0.064
0.064
0.064
0.169
0.169
0.169
0.385
0.385
0.385
0.385
0.385
0.385
0.385
0.517
0.517
0.517
0.517
0.517
0.517
0.517
0.301
0.196
0.196
0.196
0.196
0.196
0.196
0.196
0.196
0.196
0.196
0.196
0.196
0.064
0.064
0.064
0.052
0.052
0.052
0.052
0.052
0.052
0.052
0.052
0.052
0.052
0.052
0.052
0.052
0.052
0.052
0.052
0.052
0.052
0.052
0.052
0.052
0.052
0.052
0.052
0.052
0.065
0.065
0.065
0.065
0.125
0.125
0.125
0.125
0.125
0.125
0.125
0.161
0.221
0.406
0.406
0.431
0.431
0.331
0.331
0.331
0.331
0.371
0.371
0.503
0.488
0.488
0.608
0.548
0.448
0.724
0.724
0.724
0.664
0.604
0.704
0.764
0.764
0.836
0.836
0.776
0.776
0.716
0.716
0.268
0.373
0.373
0.5
0.5
0.56
0.56
0.56
0.56
0.56
0.56
0.664
0.629
0.629
0.629
0.629
0.525
0.525
0.525
0.42
0.42
0.42
0.42
0.42
0.48
0.48
0.54
0.54
0.48
0.48
0.447
0.447
0.447
0.497
0.497
0.497
0.557
0.597
0.557
0.557
0.497
0.461
0.939
0.879
0.879
0.879
0.637
0.637
0.637
0.637
0.637
0.697
0.637
0.637
0.625
0.685
0.685
0.685
0.785
0.785
0.785
0.785
0.653
0.553
0.601
0.601
0.601
0.601
0.601
0.601
0.601
0.601
0.601
0.601
0.661
0.766
0.706
0.579
0.579
0.579
0.933
0.933
0.893
0.893
0.858
0.858
0.858
0.838
0.838
0.838
0.838
0.838
0.958
0.793
0.577
0.537
0.537
0.537
0.537
0.537
0.537
0.537
0.052
0.052
0.052
0.052
0.052
0.052
0.052
0.052
0.052
0.052
0.052
0.052
0.052
0.052
0.052
0.052
0.052
0.184
0.184
0.184
0.184
0.184
0.184
0.184
0.184
0.184
0.184
0.184
0.184
0.184
0.544
0.544
0.544
0.544
0.544
0.544
0.544
0.412
0.472
0.472
0.472
0.472
0.512
0.512
0.572
0.468
0.428
0.368
0.323
0.383
0.383
0.323
0.323
0.323
0.358
0.358
0.298
0.298
0.298
0.358
0.574
0.574
0.574
0.574
0.634
0.621
0.621
0.621
0.621
0.621
0.621
0.621
0.621
0.621
0.405
0.405
0.455
0.455
0.455
0.395
0.435
0.435
0.495
0.435
0.435
0.435
0.435
0.435
0.495
0.599
0.599
0.539
0.539
0.479
0.419
0.419
0.419
0.479
0.499
0.574
0.574
0.574
0.574
0.574
0.574
0.479
0.479
0.479
0.429
0.429
0.529
0.529
0.689
0.761
0.761
0.821
0.821
0.821
0.761
0.761
