0.049
0.049
0.049
0.049
0.049
0.049
0.049
0.049
0.049
0.049
0.049
0.049
0.049
0.049
0.049
0.049
0.049
0.049
0.049
0.049
0.049
0.049
0.049
0.049
0.049
0.049
0.049
0.049
0.049
0.049
0.049
0.049
0.049
0.049
0.049
0.049
0.049
0.049
0.183
0.183
0.183
0.183
0.183
0.183
0.183
0.183
0.183
0.183
0.183
0.183
0.183
0.183
0.183
0.183
0.183
0.183
0.183
0.183
0.049
0.049
0.049
0.049
0.049
0.049
0.049
0.049
0.049
0.167
0.167
0.167
0.167
0.167
0.167
0.167
0.167
0.167
0.167
0.167
0.167
0.167
0.167
0.167
0.167
0.167
0.167
0.049
0.049
0.049
0.049
0.049
0.049
0.049
0.049
0.049
0.049
0.049
0.049
0.049
0.049
0.049
0.049
0.049
0.049
0.049
0.049
0.049
0.049
0.049
0.049
0.183
0.183
0.183
0.183
0.183
0.183
0.183
0.183
0.183
0.183
0.183
0.183
0.183
0.183
0.183
0.183
0.183
0.183
0.183
0.183
0.049
0.049
0.049
0.049
0.049
0.049
0.24
0.24
0.24
0.24
0.24
0.24
0.24
0.24
0.24
0.24
0.24
0.24
0.24
0.24
0.167
0.167
0.167
0.167
0.167
0.167
0.167
0.167
0.167
0.167
0.167
0.167
0.167
0.167
0.167
0.167
0.167
0.167
0.049
0.049
0.183
0.183
0.183
0.183
0.183
0.183
0.183
0.183
0.183
0.183
0.183
0.183
0.183
0.183
0.183
0.183
0.183
0.183
0.183
0.183
0.049
0.049
0.049
0.049
0.049
0.049
0.049
0.049
0.049
0.049
0.049
0.049
0.049
0.049
0.049
0.049
0.049
0.049
0.049
0.049
0.049
0.049
0.049
0.049
0.049
0.049
0.049
0.24
0.24
0.24
0.24
0.24
0.24
0.24
0.24
0.24
0.24
0.24
0.24
0.24
0.24
0.167
0.167
0.167
0.167
0.167
0.167
0.167
0.167
0.167
0.301
0.301
0.301
0.301
0.301
0.301
0.301
0.301
0.301
0.183
0.183
0.223
0.223
0.223
0.223
0.312
0.312
0.312
0.312
0.283
0.209
0.049
0.049
0.049
0.049
0.049
0.049
0.049
0.049
0.049
0.049
0.049
0.049
0.049
0.049
0.049
0.049
0.049
0.049
0.049
0.049
0.049
0.049
0.049
0.049
0.049
0.049
0.24
0.24
0.24
0.24
0.24
0.24
0.24
0.358
0.358
0.358
0.358
0.358
0.358
0.358
0.167
0.167
0.167
0.167
0.167
0.167
0.167
0.167
0.167
0.167
0.301
0.183
0.183
0.183
0.183
0.183
0.183
0.183
0.183
0.183
0.183
0.183
0.183
0.183
0.183
0.183
0.183
0.183
0.183
0.183
0.049
0.049
0.049
0.049
0.049
0.049
0.049
0.049
0.049
0.049
0.049
0.049
0.049
0.049
0.049
0.049
0.049
0.049
0.049
0.049
0.049
0.049
0.049
0.049
0.049
0.049
0.049
0.049
0.049
0.049
0.167
0.167
0.358
0.358
0.358
0.358
0.358
0.358
0.358
0.358
0.358
0.358
0.358
0.358
0.37
0.37
0.179
0.179
0.061
0.061
0.061
0.061
0.071
0.071
0.071
0.071
0.121
0.071
0.071
0.071
0.071
0.071
0.071
0.071
0.071
0.071
0.071
0.071
0.071
0.071
0.071
0.071
0.071
0.071
0.071
0.071
0.071
0.071
0.071
0.205
0.205
0.205
0.205
0.205
0.205
0.205
0.323
0.323
0.323
0.323
0.323
0.323
0.323
0.323
0.423
0.423
0.423
0.423
0.423
0.289
0.289
0.289
0.289
0.289
0.159
0.159
0.159
0.159
0.159
0.159
0.159
0.159
0.159
0.159
0.159
0.35
0.35
0.35
0.35
0.35
0.35
0.35
0.685
0.685
0.685
0.675
0.34
0.34
0.34
0.149
0.049
0.049
0.049
0.049
0.049
0.049
0.049
0.049
0.049
0.049
0.049
0.049
0.049
0.183
0.183
0.183
0.183
0.183
0.183
0.183
0.183
0.183
0.183
0.183
0.183
0.183
0.183
0.183
0.183
0.183
0.183
0.183
0.183
0.049
0.049
0.167
0.167
0.167
0.167
0.167
0.167
0.167
0.167
0.167
0.167
0.167
0.167
0.167
0.167
0.167
0.167
0.167
0.167
0.049
0.049
0.049
0.049
0.049
0.24
0.24
0.24
0.24
0.24
0.24
0.24
0.24
0.24
0.24
0.24
0.24
0.24
0.24
0.049
0.049
0.049
0.049
0.049
0.049
0.049
0.049
0.049
2.242
2.242
2.242
2.242
2.242
2.242
2.242
2.242
2.242
2.242
2.242
2.242
2.242
2.36
2.36
2.36
2.36
2.36
2.36
2.36
2.36
2.494
2.494
2.494
2.494
2.494
2.504
0.311
0.311
0.311
0.311
0.205
0.205
0.205
0.205
0.205
0.205
0.205
0.205
0.205
0.205
0.071
0.071
0.071
0.071
0.071
0.071
0.071
0.071
0.071
0.071
0.071
0.071
0.071
0.071
0.071
0.071
0.071
0.071
0.071
0.071
0.071
0.071
0.071
0.071
0.071
0.071
0.071
0.071
0.071
0.071
0.071
0.071
0.071
0.071
0.071
0.071
0.071
0.071
0.38
0.38
0.514
0.514
0.514
0.514
0.658
0.658
0.658
0.658
0.492
0.492
0.492
0.492
0.301
0.301
0.301
0.301
0.183
0.183
0.183
0.183
0.049
0.049
0.049
0.049
0.049
0.049
0.049
0.049
0.049
0.049
0.049
0.049
0.049
0.049
0.049
0.049
0.049
0.049
0.049
0.049
0.049
0.049
0.049
0.049
0.049
0.049
0.049
0.049
0.049
0.049
0.049
0.049
0.049
0.049
0.049
0.049
0.049
0.049
0.049
0.049
0.049
0.049
0.049
0.049
0.049
0.049
0.183
0.183
0.183
0.183
0.183
0.183
0.183
0.183
0.183
0.183
0.183
0.183
0.183
0.183
0.183
0.183
0.183
0.183
0.183
0.183
0.049
0.049
0.049
0.049
0.049
0.24
0.24
0.24
0.24
0.24
0.24
0.24
0.24
0.24
0.24
0.24
0.24
0.24
0.24
0.049
0.049
0.167
0.167
0.167
0.167
0.167
0.167
0.167
0.167
0.167
0.167
0.167
0.167
0.167
0.167
0.167
0.167
0.167
0.167
0.049
0.049
0.049
0.049
0.049
0.049
0.049
0.049
0.049
0.049
0.049
0.049
0.049
0.049
0.049
0.049
0.049
0.049
0.183
0.183
0.183
0.183
0.183
0.183
0.183
0.183
0.183
0.183
0.183
0.183
0.183
0.183
0.183
0.183
0.183
0.183
0.183
0.183
0.049
0.049
0.049
0.049
0.049
0.24
0.24
0.24
0.24
0.24
0.24
0.24
0.24
0.24
0.24
0.24
0.24
0.24
0.24
0.049
0.049
0.049
0.049
0.049
0.049
0.049
0.049
0.049
0.049
0.049
0.049
0.049
0.049
0.049
0.049
0.049
0.049
0.049
0.049
0.049
0.049
0.049
0.049
0.049
0.049
0.049
0.183
0.183
0.183
0.183
0.183
0.183
0.183
0.183
0.183
0.183
0.183
0.183
0.183
0.301
0.301
0.301
0.301
0.301
0.301
0.301
0.167
0.167
0.167
0.167
0.167
0.167
0.167
0.167
0.167
0.167
0.167
0.049
0.049
0.24
0.24
0.24
0.24
0.24
0.24
0.24
0.24
0.24
0.24
0.24
0.24
0.24
0.24
0.049
0.049
0.049
0.049
0.049
0.049
0.049
0.049
0.049
0.049
0.049
0.049
0.049
0.049
0.049
0.049
0.049
0.049
0.049
0.049
0.167
0.167
0.333
0.333
0.455
0.455
0.455
0.455
0.455
0.455
0.495
0.495
0.485
0.485
0.485
0.485
0.485
0.485
0.367
0.367
0.367
0.367
0.327
0.327
0.193
0.193
0.193
0.193
0.193
0.193
0.193
0.193
0.193
0.193
0.193
0.193
0.384
0.384
0.384
0.384
0.384
0.384
0.384
0.384
0.384
0.478
0.478
0.478
0.478
0.478
0.287
0.287
0.287
0.287
0.287
0.287
0.287
0.287
0.287
0.287
0.287
0.287
0.287
0.287
0.287
0.287
0.287
0.287
0.287
0.287
0.287
0.287
0.287
0.287
0.287
0.287
0.287
0.287
0.287
0.287
0.287
0.287
0.287
0.287
0.287
0.405
0.405
0.405
0.405
0.405
0.405
0.539
0.539
0.539
0.539
0.539
0.539
0.539
0.539
0.539
0.539
0.549
0.549
0.431
0.431
0.337
0.337
0.337
0.337
0.337
0.337
0.203
0.203
0.215
0.215
0.215
0.352
0.352
0.352
0.352
0.352
0.352
0.543
0.543
0.543
0.543
0.543
0.543
0.543
0.543
0.543
0.543
0.543
0.543
0.543
0.543
0.352
0.352
0.402
0.402
0.402
0.402
0.402
0.402
0.402
0.402
0.402
0.402
0.402
0.402
0.402
0.402
0.536
0.536
0.536
0.536
0.536
0.536
0.536
0.536
0.536
0.536
0.486
0.486
0.486
0.486
0.486
0.486
0.486
0.486
0.604
0.604
0.47
0.458
0.458
0.458
0.458
0.458
0.458
0.458
0.458
0.458
0.458
0.458
0.458
0.458
0.458
0.458
0.34
0.34
0.34
2.868
2.868
2.868
2.868
2.533
2.533
2.533
2.533
2.396
2.396
2.396
2.396
2.396
2.396
2.396
2.396
2.396
2.396
2.396
2.396
2.396
2.396
2.396
2.396
2.396
2.396
2.396
0.203
0.203
0.203
0.203
0.203
0.236
0.236
0.236
0.236
0.248
0.248
0.248
0.248
0.248
0.248
0.248
0.248
0.248
0.382
0.382
0.382
0.382
0.382
0.382
0.382
0.382
0.5
0.5
0.5
0.681
0.681
0.681
0.681
0.681
0.681
0.691
0.691
0.691
0.557
0.557
0.557
0.557
0.557
0.366
0.248
0.248
0.248
0.248
0.248
0.248
0.248
0.248
0.248
0.248
0.248
0.248
0.248
0.248
0.248
0.248
0.385
0.385
0.385
0.385
0.505
0.505
0.445
0.445
0.465
0.453
0.465
0.477
0.524
0.564
0.564
0.564
0.564
0.564
0.543
0.543
0.459
0.493
0.493
0.493
0.493
0.593
0.584
0.584
0.584
0.584
0.584
0.584
0.639
0.739
0.684
0.684
0.684
0.684
0.784
0.824
0.824
0.75
0.75
0.941
1.041
1.041
1.041
0.881
0.871
0.871
0.871
0.871
0.871
0.871
0.871
0.871
0.871
0.543
0.543
0.543
0.543
0.543
0.543
0.543
0.543
0.543
0.543
0.748
0.748
0.748
0.681
0.741
0.741
0.774
0.774
0.774
0.734
0.794
0.734
0.744
0.744
0.744
0.744
0.744
0.744
0.744
0.744
0.744
0.744
0.784
0.784
0.784
0.784
0.784
1.119
1.119
1.119
1.253
0.947
1.012
1.072
1.012
1.012
1.012
1.012
1.012
1.012
1.012
1.012
1
1
1
1
1
0.96
0.86
0.9
0.917
0.917
0.917
0.917
1.035
1.035
1.035
1.035
0.97
0.97
0.97
0.97
1.03
1.03
0.839
0.839
0.839
0.839
0.86
0.86
0.86
0.86
0.742
0.742
0.642
0.702
0.702
0.049
0.049
0.049
0.049
0.049
0.049
0.049
0.049
0.049
0.049
0.164
0.116
0.083
0.143
0.143
0.143
0.143
0.143
0.193
0.133
0.133
0.073
0.073
0.073
0.073
0.073
0.073
0.073
0.21
0.21
0.21
0.25
0.25
0.25
0.25
0.25
0.21
0.21
0.27
0.27
0.37
0.488
0.528
0.528
0.528
0.528
0.528
0.528
0.528
0.528
0.528
0.628
0.628
0.628
0.628
0.688
0.628
0.628
0.661
0.543
0.543
0.586
0.606
0.606
0.606
0.606
0.566
0.566
0.511
0.511
0.511
0.571
0.511
0.511
0.511
0.511
0.511
0.511
0.571
0.511
0.511
0.511
0.451
0.411
0.451
0.642
0.642
0.642
0.642
0.642
0.742
0.642
0.602
0.786
0.886
0.786
0.786
0.736
0.736
0.545
0.545
0.545
0.545
0.713
0.713
0.713
0.763
0.763
0.803
0.803
0.763
0.763
0.763
0.629
0.629
0.629
0.629
0.639
0.639
0.639
