0.052
0.052
0.052
0.052
0.052
0.052
0.052
0.052
0.052
0.052
0.052
0.052
0.052
0.052
0.052
0.052
0.052
0.052
0.052
0.052
0.052
0.052
0.052
0.052
0.052
0.052
0.052
0.052
0.052
0.052
0.052
0.052
0.052
0.052
0.052
0.052
0.052
0.052
0.052
0.052
0.052
0.052
0.052
0.052
0.27
0.377
0.377
0.377
0.377
0.377
0.377
0.377
0.377
0.377
0.377
0.377
0.377
0.377
0.159
0.159
0.159
0.159
0.159
0.052
0.052
0.052
0.052
0.052
0.052
0.052
0.052
0.052
0.052
0.052
0.052
0.052
0.052
0.052
0.052
0.052
0.052
0.052
0.052
0.052
0.052
0.052
0.052
0.052
0.052
0.052
0.052
0.052
0.052
0.052
0.052
0.052
0.052
0.229
0.229
0.229
0.229
0.229
0.229
0.229
0.229
0.229
0.229
0.229
0.229
0.229
0.229
0.229
0.229
0.229
0.447
0.447
0.447
0.27
0.27
0.27
0.27
0.27
0.27
0.27
0.27
0.27
0.27
0.27
0.052
0.052
0.052
0.052
0.052
0.052
0.052
0.052
0.052
0.052
0.052
0.052
0.052
0.052
0.052
0.052
0.052
0.052
0.052
0.052
0.052
0.052
0.052
0.052
0.052
0.052
0.052
0.052
0.052
0.052
0.052
0.052
0.052
0.052
0.052
0.052
0.052
0.052
0.052
0.052
0.052
0.159
0.159
0.159
0.159
0.159
0.159
0.159
0.159
0.159
0.159
0.159
0.159
0.159
0.159
0.159
0.159
0.159
0.159
0.052
0.052
0.052
0.052
0.052
0.052
0.052
0.052
0.052
0.052
0.052
0.052
0.052
0.052
0.052
0.052
0.229
0.229
0.229
0.229
0.229
0.229
0.229
0.229
0.229
0.229
0.229
0.229
0.229
0.229
0.229
0.229
0.229
0.229
0.229
0.229
0.052
0.052
0.052
0.27
0.27
0.27
0.27
0.27
0.27
0.27
0.27
0.27
0.27
0.27
0.27
0.27
0.27
0.052
0.052
0.052
0.052
0.052
0.052
0.052
0.052
0.052
0.052
0.159
0.159
0.159
0.159
0.159
0.159
0.159
0.159
0.159
0.159
0.159
0.159
0.159
0.159
0.159
0.159
0.159
0.159
0.052
0.052
0.052
0.229
0.229
0.229
0.229
0.229
0.229
0.229
0.229
0.229
0.229
0.229
0.229
0.229
0.229
0.229
0.229
0.229
0.229
0.229
0.229
0.052
0.052
0.052
0.052
0.052
0.052
0.052
0.052
0.052
0.052
0.052
0.052
0.052
0.052
0.052
0.27
0.27
0.27
0.27
0.27
0.27
0.27
0.27
0.27
0.27
0.27
0.27
0.27
0.27
0.052
0.052
0.052
0.052
0.052
0.052
0.052
0.052
0.052
0.052
0.052
0.052
0.052
0.052
0.052
0.052
0.052
0.052
0.052
0.052
0.052
0.052
0.052
0.052
0.052
0.052
0.052
0.159
0.159
0.159
0.159
0.159
0.181
0.181
0.181
0.181
0.181
0.181
0.181
0.181
0.159
0.159
0.159
0.159
0.336
0.229
0.229
0.229
0.229
0.229
0.229
0.229
0.229
0.229
0.229
0.229
0.229
0.229
0.229
0.229
0.229
0.229
0.229
0.229
0.052
0.27
0.27
0.27
0.27
0.27
0.283
0.283
0.283
0.283
0.283
0.283
0.283
0.283
0.283
0.065
0.065
0.065
0.065
0.065
0.065
0.065
0.065
0.065
0.065
0.065
0.065
0.065
0.065
0.065
0.125
0.125
0.065
0.065
0.065
0.065
0.065
0.065
0.065
0.065
0.065
0.065
0.065
2.575
2.59
2.59
2.59
2.767
2.767
2.827
2.767
2.767
2.767
2.767
2.767
2.767
2.767
2.767
2.767
0.257
0.257
0.257
0.257
0.257
0.257
0.257
0.257
0.08
0.08
0.08
0.08
0.067
0.067
0.067
0.067
0.067
0.067
0.067
0.067
0.067
0.067
0.067
0.285
0.285
0.285
0.285
0.285
0.285
0.285
0.285
0.285
0.285
0.285
0.285
0.285
0.285
0.067
0.174
0.174
0.174
0.174
0.174
0.174
0.174
0.159
0.159
0.159
0.159
0.159
0.159
0.159
0.159
0.159
0.159
0.159
0.052
0.052
0.052
0.067
0.067
0.067
0.067
0.067
0.067
0.067
0.067
0.052
0.052
0.052
0.052
0.052
0.052
0.052
0.052
0.052
0.052
0.052
0.052
0.052
0.052
0.052
0.052
0.052
0.052
0.052
0.052
0.052
0.052
0.052
0.052
0.052
0.052
0.159
0.159
0.159
0.159
0.159
0.159
0.159
0.554
0.554
0.554
0.554
0.554
0.554
0.554
0.554
0.554
0.554
0.554
0.447
0.447
0.447
0.229
0.229
0.229
0.229
0.229
0.229
0.052
0.052
0.052
0.052
0.052
0.052
0.052
0.052
0.052
0.052
0.052
0.052
0.052
0.052
0.052
0.052
0.052
0.052
0.052
0.052
0.052
0.052
0.052
0.052
0.052
0.052
0.052
0.052
0.052
0.052
0.052
0.052
0.052
0.052
0.052
0.052
0.052
0.052
0.052
0.052
0.052
0.052
0.052
0.052
0.052
0.052
0.052
0.052
0.052
0.052
0.052
0.052
0.052
0.052
0.052
0.052
0.052
0.052
0.229
0.336
0.336
0.336
0.336
0.336
0.336
0.336
0.336
0.336
0.336
0.336
0.336
0.336
0.336
0.336
0.336
0.336
0.336
0.462
0.285
0.285
0.285
0.285
0.285
1.944
1.944
1.971
0.312
0.312
0.312
0.453
0.453
0.235
0.235
0.235
0.235
0.235
0.235
0.295
0.295
0.295
0.295
0.295
0.295
0.295
0.295
0.295
0.295
0.295
0.295
0.235
0.235
0.235
0.235
0.235
0.235
0.235
0.235
0.235
0.235
0.235
0.235
0.235
0.235
0.235
0.235
0.235
0.235
0.235
0.235
0.22
0.22
0.22
0.22
0.22
0.22
0.22
0.22
0.22
0.22
0.22
0.22
0.327
0.327
0.327
0.327
0.327
0.327
0.327
0.327
0.327
0.327
0.327
0.327
0.327
0.327
0.387
0.387
0.387
0.36
0.253
0.253
0.253
0.253
0.193
0.193
0.193
0.193
0.193
0.193
0.193
0.193
0.193
0.193
0.193
0.193
1.852
1.852
1.852
0.193
0.193
0.193
0.193
0.193
0.193
0.411
0.411
0.411
0.411
0.411
0.411
0.411
0.411
0.411
0.411
0.411
0.411
0.411
0.411
0.193
0.193
0.193
0.37
0.397
0.397
0.397
0.397
0.397
0.397
0.397
0.397
0.397
2.071
2.071
2.071
0.412
0.472
0.472
0.472
0.639
0.639
0.639
0.462
0.402
0.342
0.342
0.342
0.342
0.342
2.806
2.806
2.806
2.806
2.806
2.806
2.806
2.806
2.699
0.052
0.052
0.052
0.052
0.052
0.052
0.052
0.052
0.052
0.052
0.052
0.052
0.052
0.052
0.052
0.052
0.052
0.052
0.052
0.052
0.052
0.052
0.052
0.052
0.052
0.052
0.052
0.052
0.052
0.229
0.229
0.229
0.229
0.229
0.229
0.229
0.229
0.229
0.229
0.229
0.229
0.229
0.229
0.336
0.336
0.336
0.336
0.336
0.336
0.159
0.159
0.159
0.159
0.159
0.159
0.159
0.159
0.159
0.159
0.159
0.159
0.052
0.052
0.052
0.052
0.052
0.052
0.052
0.052
0.052
0.052
0.052
0.052
0.052
0.052
0.052
0.052
0.052
0.052
0.052
0.052
0.052
0.052
0.052
0.052
0.052
0.052
0.052
0.052
0.052
0.052
0.052
0.052
0.052
0.052
0.052
0.052
0.052
0.052
0.052
0.052
0.052
0.052
0.052
0.052
0.052
0.052
0.052
0.052
0.052
0.052
0.052
0.052
0.052
0.052
0.052
0.27
0.27
0.27
0.27
0.27
0.27
0.27
0.27
0.27
0.27
0.27
0.27
0.27
0.447
4.535
4.535
4.535
2.876
2.876
2.876
2.876
2.889
2.889
2.889
2.889
2.889
2.889
2.889
2.889
2.889
2.889
2.889
0.425
0.248
0.248
0.248
0.248
0.248
0.248
0.248
0.248
0.248
0.248
0.248
0.248
0.248
0.559
0.559
0.544
0.544
0.242
0.242
0.215
0.215
0.215
0.215
0.215
0.206
0.206
0.206
0.206
0.206
0.206
1.095
1.095
1.095
0.206
0.206
0.206
0.206
0.424
0.424
0.531
0.531
0.531
0.531
0.531
0.531
0.591
0.591
0.591
0.591
0.591
0.768
0.55
0.55
0.55
0.55
0.55
0.55
0.443
0.57
0.57
0.63
0.617
0.617
0.557
0.557
0.557
0.557
0.557
0.557
0.557
0.38
0.38
0.38
0.38
0.38
0.38
0.38
0.38
0.38
0.38
0.38
0.38
2.844
2.844
2.844
2.844
2.844
2.844
2.844
2.844
2.844
2.844
2.844
2.844
2.844
2.844
2.844
2.844
2.844
2.844
2.844
2.844
2.844
2.844
2.844
2.844
2.844
2.844
2.844
0.38
0.38
0.598
0.598
0.611
0.611
0.611
0.611
0.626
0.626
0.626
0.626
0.626
0.626
0.626
0.626
0.408
0.408
0.408
2.872
2.872
2.932
2.932
2.932
2.791
2.791
2.791
2.791
2.791
2.968
2.968
2.968
2.968
2.968
2.968
2.968
2.968
2.968
2.968
2.968
2.968
3.068
3.068
3.068
3.379
3.379
0.915
0.915
0.504
0.327
0.327
0.2
0.2
0.227
0.227
0.227
0.227
0.227
0.227
0.227
0.227
0.227
0.227
0.227
0.227
0.227
0.227
0.227
0.212
0.212
0.212
1.871
1.978
1.987
0.388
0.388
0.388
0.315
0.315
0.315
0.315
0.315
1.974
1.965
1.965
0.306
0.306
0.306
0.306
0.306
0.417
0.417
0.417
0.417
0.544
0.557
0.557
0.557
0.557
0.734
0.734
0.734
0.875
0.875
0.657
0.657
0.657
0.657
0.657
0.657
0.657
0.53
0.53
0.53
0.47
0.47
0.47
0.47
0.47
0.293
0.293
0.293
0.353
0.54
0.54
0.609
0.522
0.522
0.522
0.577
0.686
0.686
0.686
0.786
0.837
0.837
0.782
0.782
0.791
0.782
0.782
0.715
0.715
0.742
0.742
0.802
0.742
0.742
0.742
0.742
0.742
0.802
1.019
2.678
2.618
2.558
0.959
1.066
1.006
1.006
0.856
0.856
0.856
0.856
0.956
0.956
0.956
0.956
1.161
1.221
1.121
1.121
1.121
1.121
1.121
1.014
1.014
1.014
1.014
1.014
0.954
0.945
0.727
0.727
0.727
0.787
0.847
0.837
0.837
0.837
0.837
0.837
0.837
0.837
0.964
0.964
1.024
1.024
0.864
0.873
3.328
3.328
3.328
3.328
3.337
3.627
3.527
3.35
3.29
3.25
3.25
3.25
3.25
3.31
3.31
3.301
3.334
3.334
3.334
3.334
3.334
3.334
3.374
3.401
3.401
3.401
3.41
0.946
0.946
0.946
0.886
0.886
0.886
0.886
0.886
0.886
0.946
0.946
0.886
0.886
0.886
0.886
1.104
1.044
1.044
1.044
1.044
1.044
1.044
1.161
1.161
1.161
1.161
1.268
2.927
2.987
2.769
1.119
1.119
1.119
1.119
1.119
0.336
0.336
0.336
0.336
0.336
0.336
0.336
0.159
0.159
0.052
0.052
0.052
0.052
0.052
0.052
0.052
0.052
0.052
0.052
0.052
0.052
0.052
0.052
0.052
0.052
0.052
0.052
0.052
0.052
0.052
0.052
0.052
0.052
0.052
0.052
0.052
0.052
0.052
0.052
0.052
0.052
0.052
0.052
0.052
0.052
0.052
0.052
0.052
0.052
0.052
0.052
0.052
0.052
0.052
0.052
0.052
0.052
0.052
0.27
0.27
0.27
0.27
0.27
0.27
0.27
0.27
0.27
0.27
0.27
0.27
0.27
0.27
0.052
0.052
0.052
0.229
0.229
0.229
0.229
0.229
0.229
0.229
0.229
0.229
0.229
0.229
0.229
0.229
0.229
0.229
0.336
0.336
0.336
0.336
0.336
0.159
0.159
0.159
0.159
0.159
0.159
0.159
0.159
0.159
0.159
0.159
0.159
0.159
0.052
0.052
0.052
0.052
0.052
0.052
0.052
0.052
0.052
0.052
0.052
0.052
