0.052
0.052
0.052
0.052
0.052
0.052
0.052
0.052
0.052
0.052
0.052
0.052
0.052
0.052
0.052
0.052
0.052
0.052
0.052
0.052
0.052
0.052
0.052
0.052
0.052
0.052
0.052
0.052
0.052
0.236
0.236
0.236
0.236
0.236
0.236
0.236
0.236
0.236
0.236
0.236
0.236
0.236
0.236
0.052
0.052
0.052
0.052
0.052
0.052
0.052
0.052
0.052
0.052
0.052
0.052
0.052
0.052
0.052
0.052
0.052
0.052
0.052
0.052
0.052
0.16
0.16
0.16
0.16
0.16
0.16
0.16
0.16
0.16
0.16
0.16
0.31
0.31
0.31
0.31
0.31
0.31
0.31
0.202
0.202
0.202
0.202
0.202
0.202
0.202
0.202
0.202
0.202
0.202
0.202
0.202
0.052
0.052
0.052
0.052
0.052
0.236
0.236
0.236
0.236
0.236
0.236
0.236
0.236
0.236
0.236
0.236
0.236
0.236
0.236
0.052
0.052
0.052
0.052
0.052
0.052
0.052
0.052
0.052
0.052
0.052
0.052
0.052
0.16
0.16
0.16
0.16
0.16
0.16
0.16
0.16
0.16
0.16
0.16
0.16
0.16
0.16
0.16
0.31
0.31
0.31
0.202
0.202
0.202
0.202
0.202
0.202
0.202
0.202
0.202
0.202
0.202
0.202
0.202
0.202
0.202
0.202
0.202
0.052
0.052
0.052
0.052
0.052
0.052
0.052
0.052
0.052
0.052
0.052
0.052
0.052
0.052
0.052
0.052
0.052
0.052
0.052
0.236
0.236
0.236
0.236
0.236
0.236
0.236
0.236
0.236
0.236
0.236
0.236
0.236
0.236
0.052
0.052
0.052
0.052
0.052
0.052
0.052
0.052
0.052
0.052
0.052
0.052
0.052
0.052
0.052
0.052
0.052
0.052
0.052
0.16
0.16
0.16
0.16
0.16
0.16
0.16
0.16
0.16
0.16
0.16
0.16
0.16
0.16
0.16
0.16
0.16
0.16
0.052
0.052
0.052
0.052
0.052
0.052
0.052
0.052
0.052
0.052
0.052
0.052
0.052
0.052
0.052
0.202
0.202
0.202
0.202
0.202
0.202
0.202
0.202
0.202
0.202
0.386
0.386
0.386
0.386
0.386
0.386
0.386
0.386
0.386
0.386
0.236
0.236
0.236
0.236
0.052
0.052
0.052
0.052
0.052
0.052
0.052
0.052
0.052
0.052
0.052
0.052
0.052
0.052
0.052
0.052
0.052
0.052
0.052
0.052
0.052
0.052
0.052
0.052
0.052
0.052
0.052
0.052
0.052
0.052
0.052
0.16
0.16
0.16
0.16
0.16
0.16
0.16
0.16
0.16
0.16
0.16
0.16
0.16
0.16
0.16
0.16
0.16
0.16
0.052
0.052
0.052
0.052
0.052
0.052
0.052
0.052
0.052
0.052
0.052
0.052
0.052
0.052
0.052
0.052
0.052
0.052
0.052
0.202
0.202
0.202
0.386
0.386
0.386
0.386
0.386
0.386
0.386
0.386
0.386
0.386
0.386
0.386
0.386
0.386
0.202
0.202
0.202
0.16
0.16
0.16
0.16
0.16
0.16
0.16
0.16
0.16
0.16
0.16
0.16
0.16
0.16
0.16
0.16
0.16
0.16
0.052
0.052
0.052
0.052
0.052
0.052
0.052
0.052
0.052
0.052
0.052
0.052
0.052
0.052
0.052
0.052
0.052
0.052
0.052
0.052
0.052
0.052
0.052
0.052
0.052
0.052
0.052
0.052
0.052
0.052
0.202
0.202
0.202
0.202
0.202
0.202
0.202
0.202
0.202
0.386
0.386
0.386
0.386
0.386
0.386
0.386
0.386
0.386
0.386
0.386
0.236
0.236
0.236
0.052
0.052
0.052
0.052
0.052
0.052
0.052
0.16
0.16
0.16
0.16
0.16
0.16
0.16
0.16
0.16
0.16
0.16
0.16
0.16
0.16
0.16
0.16
0.16
0.16
0.052
0.052
0.052
0.052
0.052
0.052
0.052
0.052
0.052
0.052
0.052
0.052
0.052
0.052
0.052
0.052
0.052
0.052
0.052
0.112
0.184
0.184
0.184
0.184
0.184
0.184
0.334
0.364
2.347
2.347
2.347
2.347
2.347
2.347
2.347
2.347
2.347
2.347
2.531
2.531
2.531
2.531
2.531
2.531
2.531
2.531
2.395
2.395
2.395
0.412
0.412
0.412
0.228
0.228
0.228
0.228
0.228
0.228
0.228
0.228
0.228
0.228
0.228
0.228
0.228
0.228
0.228
0.228
0.228
0.336
0.336
0.336
0.336
0.336
0.336
0.336
0.336
0.336
0.336
0.336
0.336
0.336
0.336
0.336
0.336
0.336
0.336
0.378
0.378
0.378
0.378
0.378
0.378
0.378
0.378
0.378
0.378
0.378
0.378
0.378
0.348
0.348
0.348
0.348
0.348
0.348
0.334
0.184
0.184
0.184
0.184
0.184
0.361
0.361
0.184
0.124
0.124
0.124
0.124
0.124
0.124
0.124
0.124
0.124
0.124
0.301
0.301
0.124
0.124
0.124
0.124
0.124
0.124
0.124
0.124
0.124
0.124
0.124
0.301
0.301
0.124
0.124
0.124
0.124
0.124
0.308
0.308
0.308
0.308
0.308
0.416
0.593
0.593
0.911
0.911
0.911
0.911
0.911
0.344
0.16
0.16
0.16
0.16
0.16
0.16
0.16
0.31
0.31
0.202
0.202
0.202
0.202
0.202
0.202
0.202
0.202
0.202
0.202
0.202
0.202
0.202
0.202
0.202
0.202
0.202
0.202
0.052
0.052
0.052
0.052
0.052
0.052
0.052
0.052
0.052
0.052
0.052
0.052
0.052
0.052
0.052
0.052
0.052
0.052
0.052
0.052
0.052
0.052
0.052
0.052
0.052
0.052
0.052
0.052
0.052
0.052
0.052
0.052
0.052
0.052
0.052
0.052
0.236
0.236
0.236
0.236
0.236
0.236
0.344
0.344
0.344
0.494
0.494
0.494
0.494
0.494
0.31
0.31
0.31
0.31
0.31
0.31
0.31
0.31
0.31
0.31
0.202
0.202
0.202
0.202
0.202
0.052
0.052
0.052
0.052
0.052
0.052
0.052
0.052
0.052
0.052
0.052
0.052
0.052
0.052
0.052
0.052
0.052
0.052
0.052
0.052
0.052
0.052
0.052
0.052
0.052
0.052
0.052
0.052
0.052
0.052
0.052
0.052
0.052
0.052
0.052
0.052
0.052
0.052
0.052
0.052
0.052
0.052
0.052
0.052
0.052
0.052
0.052
0.236
0.236
0.236
0.236
0.236
0.236
0.236
0.344
0.344
0.344
0.344
0.344
0.344
0.344
0.16
0.16
0.16
0.16
0.16
0.16
0.16
0.16
0.2
0.16
0.16
0.052
0.052
0.052
0.052
0.052
0.052
0.052
0.066
0.066
0.066
0.066
0.066
0.066
0.066
0.066
0.216
0.216
0.216
0.216
2.282
2.282
2.282
0.216
0.246
0.246
0.246
0.246
0.246
0.246
0.246
0.318
0.318
0.318
0.318
0.318
0.168
0.168
0.168
2.151
2.151
2.151
2.151
2.151
2.151
2.151
2.151
2.151
2.151
2.151
2.335
2.335
2.335
2.335
2.335
2.375
2.375
2.375
2.375
2.375
0.392
0.392
0.392
0.392
0.208
0.208
0.208
0.208
0.302
0.302
0.302
0.302
0.302
0.302
0.302
0.302
0.302
0.302
0.362
0.362
0.362
0.362
0.362
0.302
0.311
0.311
0.194
0.194
0.194
0.194
0.194
0.194
0.203
0.203
0.194
0.194
0.234
0.204
0.204
0.204
0.204
0.204
0.204
0.204
0.204
0.204
0.204
0.204
0.204
0.204
0.164
0.164
0.164
0.164
0.164
0.164
0.164
0.164
0.164
0.164
0.164
0.164
0.164
0.341
0.525
0.348
0.348
0.348
0.348
0.348
0.408
0.408
0.408
0.408
0.408
0.408
0.585
0.585
0.224
0.292
0.292
0.292
0.292
0.292
0.301
0.301
0.301
0.301
0.241
0.418
0.418
0.241
0.241
0.241
0.241
0.241
0.241
0.133
0.133
0.133
0.133
0.283
0.46
0.46
0.778
0.778
0.778
0.778
0.778
0.211
0.211
0.211
0.211
0.211
0.211
0.211
0.211
0.211
0.211
0.211
0.211
0.061
0.061
0.061
0.061
0.07
0.07
0.07
0.07
0.07
0.07
0.07
0.07
0.07
0.07
0.07
0.178
0.178
0.178
0.178
0.178
0.178
0.178
0.178
0.178
0.178
0.178
0.178
0.178
0.178
0.178
0.178
0.178
0.178
0.07
0.07
0.07
0.061
0.061
0.061
0.061
0.211
0.211
0.202
0.202
0.202
0.202
0.202
0.202
0.202
0.202
0.202
0.202
0.202
0.202
0.202
0.202
0.202
0.202
0.202
0.202
0.052
0.052
0.052
0.052
0.052
0.052
0.052
0.052
0.052
0.052
0.052
0.052
0.052
0.052
0.052
0.052
0.052
0.052
0.052
0.052
0.052
0.052
0.052
0.052
0.052
0.052
0.052
0.052
0.052
0.052
0.052
0.236
0.236
0.236
0.236
0.236
0.236
0.236
0.236
0.236
0.236
0.236
0.236
0.236
0.236
0.16
0.16
0.16
0.16
0.16
0.16
0.16
0.16
0.16
0.16
0.16
0.31
0.31
0.31
0.31
0.31
0.31
0.31
0.202
0.202
0.202
0.202
0.202
0.202
0.202
0.202
0.202
0.202
0.202
0.202
0.202
0.052
0.052
0.052
0.052
0.052
0.052
0.052
0.052
0.052
0.052
0.052
0.052
1.115
1.115
1.115
0.061
0.061
0.121
0.061
0.061
0.061
0.061
0.18
0.18
0.18
0.18
0.18
0.18
0.18
0.18
0.18
0.18
0.554
0.554
0.662
0.662
0.288
0.288
0.288
0.288
0.288
0.288
0.288
0.288
0.288
0.288
0.318
0.318
0.502
0.502
0.502
0.502
0.394
0.524
0.524
0.674
0.674
0.674
0.674
0.674
0.674
0.674
0.49
0.49
2.556
2.556
2.556
0.49
0.49
0.49
0.49
0.49
0.49
0.49
0.49
0.34
0.34
0.34
0.34
0.34
0.34
0.34
0.34
0.34
0.34
0.34
0.34
0.34
0.34
0.34
0.34
0.34
0.354
0.354
0.354
0.354
0.354
0.354
0.354
0.354
0.414
0.522
0.462
0.462
0.522
0.522
0.522
0.522
0.522
0.522
0.522
0.522
0.522
0.522
2.588
2.628
2.628
0.712
0.712
0.574
0.574
0.574
0.574
0.758
0.758
0.758
0.758
0.818
0.818
0.818
0.818
0.878
0.978
0.918
0.878
0.878
0.878
0.544
0.484
0.484
0.484
0.484
0.569
0.569
0.599
0.599
0.599
0.599
0.514
0.514
0.514
0.514
0.5
0.56
0.56
0.56
0.6
0.708
0.639
0.699
0.699
0.699
0.639
0.648
0.648
0.648
0.648
0.648
0.608
0.608
0.508
0.508
0.508
0.508
0.508
0.5
0.5
0.5
0.5
0.5
0.5
0.39
0.39
0.39
0.45
0.45
0.45
0.45
0.51
0.51
0.67
0.55
0.55
0.55
0.734
0.634
0.634
0.634
0.634
0.634
0.625
0.625
0.565
0.565
0.594
0.594
0.594
0.594
0.41
0.41
0.41
0.54
0.54
0.54
0.54
0.54
0.54
0.51
0.51
0.51
0.51
0.51
0.51
0.51
0.51
0.57
0.63
0.73
0.73
0.73
0.79
0.63
0.63
0.63
0.63
0.715
0.706
0.561
0.561
0.581
0.581
0.581
0.481
0.481
0.581
0.581
0.581
0.581
0.581
0.581
0.581
0.561
0.561
0.561
0.621
0.621
0.561
0.561
0.561
0.561
0.561
0.561
0.561
0.561
0.561
0.561
0.052
0.052
0.236
0.236
0.236
0.236
0.236
0.236
0.236
0.236
0.236
0.236
0.236
0.236
0.236
0.236
0.052
0.052
0.052
0.052
0.052
0.052
0.052
0.052
0.052
0.052
0.202
0.202
0.202
0.202
0.202
0.202
0.202
0.202
0.202
0.202
0.202
0.202
0.202
0.202
0.202
0.202
0.31
0.31
0.31
0.31
0.16
0.16
0.16
0.16
0.16
0.16
0.16
0.16
0.16
0.16
0.16
0.16
0.16
0.16
0.052
0.052
0.052
0.052
0.052
0.052
0.052
0.052
0.052
0.052
0.052
0.052
0.052
0.052
0.052
0.052
0.052
0.236
0.236
0.236
