0.052
0.052
0.052
0.052
0.052
0.052
0.052
0.052
0.052
0.052
0.052
0.052
0.052
0.052
0.052
0.052
0.052
0.052
0.052
0.052
0.052
0.052
0.052
0.052
0.052
0.052
0.052
0.052
0.052
0.052
0.052
0.052
0.052
0.052
0.052
0.052
0.052
0.052
0.052
0.052
0.052
0.052
0.052
0.052
0.052
0.052
0.052
0.112
0.112
0.185
0.185
0.185
0.172
0.172
0.272
0.272
0.272
0.272
0.272
0.272
0.052
0.052
0.052
0.052
0.052
0.052
0.052
0.052
0.052
0.052
0.052
0.052
0.169
0.169
0.169
0.169
0.169
0.169
0.169
0.169
0.169
0.169
0.169
0.169
0.169
0.169
0.169
0.169
0.169
0.169
0.052
0.052
0.052
0.052
0.052
0.052
0.052
0.231
0.231
0.231
0.231
0.231
0.231
0.231
0.231
0.231
0.231
0.231
0.231
0.231
0.231
0.052
0.052
0.052
0.052
0.052
0.052
0.052
0.052
0.208
0.208
0.208
0.208
0.208
0.208
0.208
0.325
0.325
0.325
0.325
0.325
0.325
0.325
0.325
0.325
0.325
0.325
0.325
0.325
0.169
0.169
0.169
0.169
0.169
0.052
0.052
0.052
0.052
0.052
0.052
0.052
0.052
0.052
0.052
0.052
0.052
0.052
0.052
0.052
0.052
0.052
0.052
0.052
0.052
0.052
0.052
0.052
0.052
0.052
0.052
0.052
0.052
0.052
0.052
0.052
0.231
0.231
0.231
0.231
0.231
0.231
0.231
0.231
0.231
0.231
0.387
0.387
0.387
0.387
0.325
0.325
0.325
0.325
0.325
0.325
0.325
0.325
0.325
0.325
0.325
0.325
0.325
0.325
0.325
0.325
0.169
0.169
0.052
0.052
0.052
0.052
0.052
0.052
0.052
0.052
0.052
0.052
0.052
0.052
0.052
0.052
0.052
0.052
0.052
0.052
0.052
0.052
0.052
0.052
0.052
0.052
0.052
0.052
0.052
0.052
0.052
0.052
0.052
0.052
0.052
0.052
0.052
0.052
0.052
0.052
0.052
0.208
0.208
0.387
0.387
0.387
0.387
0.387
0.387
0.387
0.504
0.504
0.504
0.504
0.504
0.504
0.504
0.325
0.325
0.325
0.325
0.169
0.169
0.169
0.169
0.169
0.169
0.169
0.052
0.052
0.052
0.052
0.052
0.052
0.052
0.052
0.052
0.052
0.052
0.052
0.052
0.052
0.052
0.052
0.052
0.052
0.052
0.052
0.052
0.052
0.052
0.052
0.052
0.052
0.052
0.052
0.052
0.052
0.052
0.052
0.052
0.052
0.052
0.052
0.052
0.052
0.052
0.052
0.169
0.169
0.169
0.169
0.169
0.169
0.169
0.169
0.169
0.169
0.169
0.169
0.169
0.169
0.169
0.169
0.169
0.169
0.052
0.052
0.052
0.052
0.052
0.052
0.052
0.231
0.231
0.231
0.231
0.231
0.231
0.231
0.231
0.231
0.231
0.231
0.231
0.231
0.231
0.052
0.052
0.052
0.052
0.052
0.052
0.052
0.052
0.112
0.112
0.112
0.112
0.112
0.112
0.112
0.112
0.112
0.112
0.112
0.052
0.052
0.052
0.052
0.052
0.052
0.052
0.052
0.072
0.072
0.072
0.072
0.072
0.072
0.072
0.072
0.072
0.072
0.072
0.072
0.072
0.072
0.072
0.072
0.072
0.072
0.072
0.072
0.072
0.072
0.42
0.42
0.42
0.52
0.172
0.172
0.172
0.172
0.172
0.172
0.351
0.351
0.351
0.351
0.351
0.351
0.351
0.351
0.411
0.411
0.411
0.411
0.411
0.411
0.232
0.232
0.232
0.232
0.232
0.232
0.232
0.232
0.232
0.232
0.232
0.232
0.232
0.232
0.232
0.272
0.272
0.272
0.272
0.272
0.172
0.172
0.172
0.272
0.272
0.272
0.272
0.232
0.232
0.232
0.232
0.232
0.232
0.332
0.427
0.427
0.427
0.427
0.427
0.427
0.427
0.544
0.544
0.544
0.544
0.444
0.284
0.284
0.284
0.284
0.284
0.284
0.284
0.284
0.344
0.169
0.348
0.348
0.348
0.231
0.231
0.231
0.231
0.231
0.231
0.231
0.231
0.231
0.231
0.231
0.052
0.052
0.052
0.052
0.052
0.087
0.112
0.212
0.212
0.244
0.244
0.244
0.244
0.244
0.244
0.244
0.4
0.4
0.55
0.55
0.55
0.55
0.55
0.61
0.61
0.61
0.61
0.61
0.61
0.61
0.55
0.55
0.55
0.55
0.4
0.4
0.394
0.244
0.244
0.244
0.244
0.592
0.592
0.592
0.592
0.244
0.361
0.361
0.361
0.361
0.361
0.361
0.301
0.301
0.301
0.301
0.301
0.48
0.48
0.48
0.578
0.578
0.578
0.578
0.461
0.461
0.461
0.461
0.461
0.461
0.561
0.342
0.282
0.282
0.317
0.437
0.402
0.402
0.402
0.402
0.402
0.282
0.25
0.25
0.25
0.25
0.25
0.25
0.25
0.25
0.15
0.15
0.15
0.15
0.15
0.21
0.21
0.21
0.21
0.21
0.21
0.35
0.506
0.506
0.506
0.406
0.523
0.523
0.523
0.623
0.683
0.683
0.683
0.643
0.643
0.643
0.643
0.643
0.643
0.643
0.643
0.643
0.656
0.656
0.539
0.504
0.504
0.504
0.504
0.504
0.504
0.504
0.504
0.539
0.504
0.052
0.052
0.052
0.052
0.052
0.052
0.231
0.231
0.231
0.231
0.231
0.231
0.231
0.231
0.231
0.231
0.231
0.231
0.231
0.231
0.052
0.052
0.052
0.052
0.052
0.052
0.052
0.052
0.052
0.169
0.169
0.169
0.169
0.169
0.169
0.169
0.169
0.169
0.169
0.169
0.169
0.169
0.169
0.169
0.169
0.169
0.169
0.052
0.052
0.052
0.052
0.052
0.052
0.052
0.052
0.052
0.052
0.052
0.052
0.052
0.052
0.052
0.052
0.052
0.052
0.052
0.052
0.052
0.052
0.052
0.052
0.052
0.052
0.052
0.052
0.052
0.052
0.052
0.052
0.052
0.052
0.052
0.052
0.052
0.052
0.052
0.052
0.052
0.052
0.052
0.052
0.052
0.052
0.052
0.052
0.231
0.231
0.231
0.231
0.231
0.231
0.231
0.231
0.231
0.231
0.231
0.231
0.231
0.231
0.052
0.052
0.052
0.052
0.052
0.169
0.169
0.169
0.169
0.169
0.169
0.169
0.169
0.169
0.325
0.325
0.325
0.325
0.325
0.325
0.325
0.325
0.325
0.208
0.208
0.208
0.208
0.208
0.208
0.208
0.208
0.208
0.208
0.208
0.052
0.052
0.052
0.052
0.052
0.052
0.052
0.052
0.052
0.052
0.052
0.052
0.052
0.052
0.052
0.052
0.052
0.052
0.052
0.052
0.052
0.052
0.052
0.052
0.052
0.052
0.052
0.052
0.169
0.169
0.169
0.169
0.169
0.169
0.169
0.169
0.169
0.169
0.169
0.169
0.169
0.169
0.169
0.169
0.169
0.169
0.052
0.052
0.052
0.052
0.052
0.052
0.052
0.052
0.052
0.052
0.052
0.052
0.052
0.052
0.052
0.052
0.052
0.052
0.052
0.052
0.052
0.052
0.052
0.052
0.052
0.052
0.052
0.052
0.052
0.208
0.208
0.208
0.208
0.208
0.208
0.208
0.208
0.208
0.208
0.208
0.208
0.208
0.208
0.208
0.387
0.387
0.387
0.387
0.387
0.231
0.348
0.348
0.348
0.348
0.348
0.348
0.348
0.348
0.169
0.169
0.169
0.169
0.169
0.169
0.169
0.169
0.169
0.169
0.052
0.052
0.052
0.052
0.052
0.052
0.052
0.052
0.052
0.052
0.052
0.052
0.052
0.052
0.052
0.052
0.052
0.052
0.052
0.052
0.052
0.052
0.052
0.052
0.052
0.052
0.052
0.208
0.208
0.208
0.208
0.208
0.208
0.208
0.208
0.208
0.208
0.208
0.208
0.208
0.208
0.208
0.208
0.208
0.208
0.208
0.208
0.052
0.052
0.052
0.169
0.169
0.169
0.169
0.169
0.169
0.169
0.169
0.169
0.169
0.169
0.348
0.348
0.348
0.348
0.348
0.348
0.348
0.231
0.231
0.231
0.231
0.231
0.231
0.231
0.052
0.052
0.052
0.052
0.052
0.052
0.052
0.052
0.052
0.052
0.052
0.052
0.052
0.052
0.052
0.052
0.052
0.208
0.208
0.208
0.208
0.208
0.208
0.208
0.208
0.208
0.208
0.208
0.208
0.208
0.208
0.208
0.208
0.208
0.208
0.208
0.208
0.169
0.169
0.169
0.169
0.169
0.169
0.169
0.169
0.169
0.169
0.169
0.169
0.169
0.169
0.169
0.169
0.169
0.169
0.052
0.052
0.231
0.231
0.231
0.231
0.231
0.231
0.231
0.231
0.231
0.231
0.231
0.231
0.231
0.231
0.052
0.052
0.052
0.052
0.052
0.052
0.052
0.052
0.052
0.052
0.052
0.052
0.052
0.208
0.208
0.208
0.208
0.208
0.208
0.208
0.208
0.208
0.208
0.208
0.208
0.208
0.208
0.554
0.704
0.704
0.704
0.704
0.764
0.785
0.785
0.785
0.725
0.725
0.725
0.725
0.575
0.415
0.415
0.763
0.763
0.763
0.763
0.417
0.417
0.49
0.417
0.3
0.3
0.3
0.3
0.4
0.3
0.3
0.3
0.479
0.479
0.479
0.479
0.479
0.479
0.479
0.479
0.479
0.479
0.479
0.479
0.479
0.479
2.86
2.86
2.86
2.86
3.067
2.76
2.76
2.76
2.76
2.76
2.76
2.76
2.86
2.86
2.76
2.76
3.016
3.016
3.016
2.976
2.976
2.976
2.976
2.976
2.976
2.976
3.324
0.924
0.924
0.959
0.611
0.611
0.611
0.611
0.631
0.631
0.475
0.475
0.475
0.475
0.535
0.475
0.475
0.475
0.475
0.475
0.475
0.475
0.475
0.475
0.475
0.475
0.475
0.475
0.475
0.488
0.488
0.488
0.488
0.488
0.488
0.488
0.703
0.703
0.703
0.882
0.882
0.882
0.882
0.882
0.914
0.914
0.914
0.914
0.914
0.914
0.914
0.914
0.914
0.735
0.738
0.738
0.778
0.778
0.778
0.818
0.783
0.783
0.783
0.783
0.783
0.783
0.783
0.783
0.783
0.783
0.783
0.783
0.783
0.783
0.783
0.783
0.783
0.783
0.783
0.783
0.783
0.856
0.856
0.856
0.956
0.956
0.956
0.956
0.956
0.943
0.943
0.87
0.87
0.87
0.87
0.87
0.87
0.883
0.883
0.883
0.883
1.039
1.039
1.039
1.039
1.039
1.039
1.039
1.039
1.039
1.218
1.218
1.218
1.218
1.218
1.084
1.084
1.084
1.084
1.201
1.201
1.045
1.045
1.045
0.901
0.915
0.915
0.915
0.955
0.955
0.955
0.955
0.955
0.955
0.955
0.955
0.955
0.972
0.932
0.932
0.932
0.932
0.932
0.932
0.932
0.967
1.315
1.205
1.205
1.205
0.857
0.857
0.857
0.857
1.047
1.047
1.047
1.034
1.034
1.034
1.034
1.034
1.034
1.034
0.936
0.936
0.936
1.034
1.034
1.034
1.034
1.034
1.034
1.034
1.034
1.034
1.034
0.974
0.052
0.052
0.052
0.052
0.052
0.052
0.208
0.208
0.208
0.208
0.208
0.208
0.208
0.208
0.208
0.208
0.208
0.208
0.208
0.208
0.387
0.387
0.387
0.387
0.387
0.387
0.231
0.231
0.231
0.231
0.348
0.348
0.348
0.348
0.169
0.169
0.169
0.169
0.169
0.169
0.169
0.169
0.169
0.169
0.169
0.169
0.169
0.169
0.052
0.052
0.052
0.052
0.052
0.052
0.052
0.052
0.052
0.052
0.052
0.052
0.052
0.052
0.052
0.052
0.052
0.052
0.052
0.052
0.052
0.052
0.052
0.052
0.052
0.052
0.052
0.052
0.052
0.052
0.052
0.052
0.052
0.052
0.052
0.052
0.052
0.052
0.052
0.052
0.052
0.052
0.052
0.052
0.052
0.052
0.052
0.052
0.052
0.231
0.348
0.348
0.348
0.348
0.348
0.348
0.348
0.348
0.348
0.348
0.348
0.348
0.348
0.169
0.169
0.169
0.169
0.169
0.052
0.052
0.052
0.208
0.208
0.208
0.208
0.208
0.208
0.208
0.208
0.208
0.208
0.208
