0.054
0.054
0.054
0.054
0.054
0.054
0.054
0.054
0.054
0.054
0.054
0.054
0.054
0.054
0.054
0.054
0.054
0.054
0.054
0.054
0.054
0.054
0.054
0.054
0.054
0.054
0.054
0.054
0.054
0.054
0.054
0.054
0.054
0.054
0.054
0.054
0.054
0.054
0.054
0.054
0.054
0.054
0.054
0.054
0.054
0.054
0.054
0.054
0.054
0.054
0.054
0.054
0.054
0.054
0.054
0.054
0.054
0.054
0.054
0.054
0.054
0.054
0.054
0.114
0.114
0.114
0.114
0.114
0.114
0.114
0.114
0.114
0.126
0.135
0.235
0.135
0.135
0.135
0.135
0.135
0.135
0.195
0.255
0.255
0.255
0.255
0.315
0.315
0.349
0.384
0.384
0.384
0.444
0.444
0.264
0.264
0.204
0.216
0.216
0.216
0.054
0.054
0.054
0.054
0.054
0.054
0.054
0.054
0.054
0.054
0.054
0.054
0.054
0.054
0.054
0.054
0.054
0.054
0.054
0.054
0.054
0.054
0.054
0.054
0.054
0.054
0.054
0.054
0.054
0.054
0.054
0.054
0.054
0.054
0.054
0.054
0.054
0.054
0.054
0.054
0.054
0.054
0.054
0.054
0.054
0.054
0.054
0.054
0.054
0.054
0.054
0.054
0.054
0.054
0.054
0.054
0.054
0.054
0.054
0.054
0.054
0.054
0.054
0.054
0.054
0.054
0.054
0.054
0.054
0.054
0.054
0.054
0.054
0.054
0.054
0.054
0.054
0.054
0.054
0.054
0.054
0.054
0.054
0.054
0.054
0.054
0.054
0.054
0.054
0.054
0.054
0.054
0.054
0.054
0.054
0.054
0.054
0.054
0.054
0.054
0.054
0.054
0.054
0.054
0.054
0.054
0.054
0.054
0.054
0.054
0.054
0.054
0.054
0.054
0.054
0.054
0.054
0.054
0.054
0.054
0.054
0.054
0.054
0.054
0.054
0.054
0.054
0.054
0.054
0.054
0.054
0.054
0.054
0.054
0.054
0.054
0.054
0.054
0.054
0.054
0.054
0.054
0.054
0.054
0.054
0.054
0.054
0.054
0.054
0.054
0.054
0.054
0.054
0.054
0.054
0.054
0.054
0.054
0.054
0.054
0.054
0.054
0.054
0.054
0.054
0.054
0.054
0.054
0.054
0.054
0.054
0.054
0.054
0.054
0.054
0.054
0.054
0.054
0.054
0.054
0.054
0.054
0.054
0.054
0.054
0.054
0.054
0.054
0.054
0.054
0.054
0.054
0.054
0.054
0.054
0.054
0.054
0.054
0.054
0.054
0.054
0.054
0.054
0.054
0.054
0.054
0.054
0.054
0.054
0.054
0.054
0.054
0.054
0.054
0.054
0.054
0.054
0.054
0.054
0.054
0.054
0.054
0.054
0.054
0.054
0.054
0.054
0.054
0.054
0.054
0.054
0.054
0.054
0.054
0.054
0.054
0.054
0.054
0.054
0.054
0.1
0.16
0.16
0.1
0.1
0.1
0.1
0.1
0.1
0.1
0.1
0.1
0.16
0.16
0.16
0.16
0.1
0.1
0.1
0.1
0.1
0.1
0.1
0.1
0.1
0.1
0.1
0.1
0.1
0.1
0.1
0.1
0.1
0.1
0.1
0.109
0.169
0.169
0.169
0.16
0.16
0.16
0.16
0.26
0.26
0.26
0.26
0.26
0.26
0.26
0.3
0.3
0.3
0.26
0.26
0.32
0.32
0.16
0.16
0.16
0.16
0.206
0.215
0.215
0.215
0.275
0.275
0.275
0.335
0.47
0.358
0.423
0.423
0.483
0.483
1.828
1.728
1.728
1.719
1.719
1.759
1.759
1.759
1.759
1.719
1.719
1.728
1.7
1.8
1.848
1.808
1.748
1.748
1.808
1.848
1.86
1.76
1.76
1.82
1.82
1.82
1.66
1.66
1.76
1.76
0.355
0.355
0.355
0.355
0.355
0.41
0.41
0.35
0.35
0.295
0.295
0.295
0.295
0.295
0.417
0.417
0.417
0.477
0.532
0.532
0.583
0.483
0.483
0.492
0.592
0.626
0.626
0.626
0.626
0.626
0.626
0.566
0.626
0.626
0.566
0.566
0.626
0.566
0.566
0.566
0.406
0.406
0.466
0.566
0.566
0.566
0.566
0.566
0.566
0.566
0.566
0.606
0.606
0.606
0.732
0.732
0.732
0.732
0.732
0.732
0.61
0.61
0.61
0.61
0.61
0.61
0.61
0.61
0.645
0.645
0.645
0.61
0.772
0.672
0.552
0.552
0.572
0.45
0.45
0.45
0.45
0.45
0.39
0.49
0.49
0.49
0.49
0.43
0.43
0.39
0.45
0.45
0.45
0.45
0.45
0.45
0.45
0.45
0.416
0.416
0.416
0.416
0.416
0.416
0.416
0.598
0.598
0.598
0.598
0.598
0.598
0.638
0.638
0.638
0.638
0.498
0.498
0.498
0.498
0.498
0.498
0.443
0.443
0.443
0.503
0.515
0.515
0.455
0.455
0.615
0.615
0.655
0.655
0.555
0.555
0.569
0.624
0.624
0.624
0.569
0.569
0.569
0.569
0.569
0.569
0.509
0.509
0.509
0.509
3.057
3.117
3.117
3.117
3.117
3.217
3.217
3.217
3.217
3.217
3.217
3.117
3.157
3.117
3.177
3.177
0.629
0.629
0.769
0.809
0.769
0.769
0.769
0.909
0.909
0.909
0.909
0.909
0.909
0.909
0.969
0.969
0.969
0.969
0.969
0.957
0.897
1.932
1.992
1.992
0.957
0.957
0.957
0.957
0.831
0.931
0.957
0.969
1.123
1.111
1.111
1.111
0.951
0.951
0.951
0.963
0.963
0.823
0.863
0.863
0.863
0.923
0.923
0.863
0.963
0.963
1.038
1.038
1.038
1.038
1.038
1.038
0.981
0.906
0.851
0.911
0.851
0.911
0.911
0.883
0.883
0.923
0.923
0.911
1.011
0.911
0.911
0.971
0.971
0.851
0.851
0.851
0.971
0.971
1.011
1.025
1.025
1.025
1.025
1.025
1.025
0.965
0.965
0.965
0.977
1.057
0.997
0.997
0.997
1.057
0.997
0.997
1.057
1.057
1.057
1.057
1.057
1.057
1.057
0.997
0.997
0.957
0.997
0.988
0.988
0.988
0.997
0.997
0.937
0.937
0.928
0.928
0.928
0.928
0.983
0.983
0.983
0.983
0.983
0.983
1.043
1.043
0.988
0.988
0.976
0.988
0.988
1.108
1.048
1.048
1.082
1.082
1.082
3.065
3.065
3.051
3.051
3.051
2.986
2.998
3.063
3.063
2.963
2.963
2.963
2.841
2.941
2.801
2.801
2.641
2.801
2.876
2.876
2.816
0.833
0.833
0.833
0.833
0.885
0.885
0.873
0.908
0.868
0.868
0.868
0.868
0.751
0.751
0.716
0.716
0.716
0.776
0.798
0.798
0.798
0.798
0.798
0.798
0.898
0.898
0.898
0.798
0.798
0.798
0.789
2.521
2.521
2.521
0.789
0.789
0.889
0.889
0.889
0.822
0.762
0.762
0.771
0.771
1.806
1.806
1.809
0.714
0.714
0.74
0.74
0.74
0.74
0.74
0.74
0.74
0.74
0.74
0.728
0.728
0.728
0.728
0.728
0.905
0.905
0.728
0.688
0.688
0.688
0.688
0.688
0.688
0.688
0.714
0.714
0.754
0.991
2.723
2.546
2.486
0.694
0.794
0.834
0.843
0.843
0.877
0.877
0.877
0.877
1.114
1.014
0.837
0.837
0.777
0.777
0.777
0.717
0.717
0.839
0.939
0.939
0.939
1.016
1.016
1.334
1.334
1.334
1.394
1.272
0.705
0.831
0.831
0.831
0.831
0.831
0.951
1.051
1.051
1.051
1.051
1.051
1.039
0.939
0.939
0.939
0.939
1.675
1.575
1.575
1.575
1.687
1.687
1.687
1.673
1.733
1.598
1.598
1.598
1.598
1.598
1.598
1.598
1.598
1.598
1.658
1.558
1.546
1.546
1.486
1.346
1.346
1.346
1.346
1.286
1.286
1.286
0.564
0.552
0.518
0.518
0.518
0.518
0.518
0.518
0.518
0.518
0.463
0.463
0.463
0.585
0.525
0.625
0.625
0.625
0.616
0.616
0.616
0.616
0.616
0.616
0.616
0.616
0.628
0.566
0.554
0.654
0.654
0.689
0.654
0.654
0.714
0.654
0.654
0.654
0.654
0.654
0.654
0.654
0.654
0.654
0.654
0.654
0.654
0.654
0.654
0.654
0.714
0.614
0.614
0.614
0.614
0.754
0.754
0.714
0.714
0.714
0.7
0.7
0.7
0.64
0.649
0.589
0.589
0.589
0.649
0.661
0.601
0.601
0.661
0.661
0.661
0.661
0.721
0.661
0.661
0.661
0.661
0.661
0.661
0.661
0.661
0.661
0.661
0.661
0.661
0.686
0.686
0.686
0.686
0.686
0.686
0.686
0.686
0.686
0.686
0.626
0.686
0.686
0.686
0.626
0.626
1.661
0.054
0.054
0.054
0.054
0.054
0.054
0.054
0.054
0.054
0.054
0.054
0.054
0.054
0.054
0.054
0.054
0.054
0.054
0.054
0.054
0.054
0.054
0.054
0.054
0.054
0.054
0.054
0.054
0.054
0.054
1.389
1.389
0.354
0.454
0.454
0.494
0.554
0.554
0.554
0.554
0.514
0.514
0.388
0.4
0.4
0.4
0.412
0.412
0.634
0.683
0.683
0.683
0.683
0.683
0.583
0.583
0.583
0.643
0.643
0.643
0.643
0.643
0.583
0.483
0.483
0.583
0.583
0.638
0.638
0.583
0.571
0.571
1.606
1.606
1.655
0.52
0.52
0.64
0.64
0.64
0.64
0.631
0.631
0.631
0.631
0.596
0.562
0.562
0.562
0.562
0.502
0.502
0.502
0.442
0.442
0.442
0.402
0.402
0.402
0.402
0.402
0.502
0.502
0.402
0.402
0.402
0.502
0.562
0.602
0.548
0.548
0.5
0.5
0.5
0.548
0.623
0.536
0.536
0.536
0.536
0.536
0.611
0.611
0.611
0.611
0.611
0.611
0.611
0.611
0.611
0.611
0.611
0.511
0.511
0.511
0.611
0.611
0.611
0.611
0.611
0.611
0.611
0.623
0.623
0.623
0.623
0.749
0.749
0.749
0.749
0.749
0.749
0.749
0.749
1.844
1.844
1.784
0.749
0.761
0.761
2.493
2.371
2.371
0.639
0.639
0.639
0.639
0.639
0.513
0.513
0.513
0.513
0.527
0.587
0.527
0.527
0.527
0.527
0.527
1.502
1.602
1.602
0.593
0.593
0.593
0.648
0.648
0.648
0.648
0.648
0.648
0.77
0.87
0.87
0.87
0.87
0.77
0.83
0.83
0.77
0.804
0.804
0.804
0.804
0.844
0.822
0.822
0.822
0.822
0.882
0.882
0.882
0.942
0.942
1.002
1.102
1.102
1.162
1.162
1.062
1.184
1.124
1.124
1.064
1.064
1.052
1.052
1.052
1.052
1.052
1.052
1.04
1.026
1.026
1.026
1.026
1.026
1.026
1.026
1.038
0.923
0.923
0.923
0.863
0.875
0.803
0.903
0.963
0.903
0.903
0.903
0.903
0.903
0.843
0.717
0.717
0.717
0.717
0.717
0.717
0.717
0.717
0.717
0.777
0.777
0.777
0.777
0.777
0.777
0.722
0.848
0.848
0.848
0.714
0.714
0.714
0.714
0.723
0.723
0.583
0.583
0.583
0.583
0.583
0.583
0.583
0.583
0.583
0.583
0.583
0.583
0.583
0.583
0.583
0.543
0.603
0.481
0.481
0.481
0.481
0.481
0.541
0.481
0.481
0.481
0.481
0.481
0.481
0.481
0.481
0.481
0.481
0.603
0.603
0.603
2.335
2.335
2.323
0.591
0.591
0.605
0.605
0.605
0.479
0.479
0.479
0.479
0.479
0.491
0.479
0.479
0.479
0.479
0.479
0.479
0.479
0.479
0.479
0.539
0.539
0.539
0.539
0.539
0.539
0.539
0.539
0.539
0.63
0.705
2.437
2.437
2.437
0.705
0.831
0.831
0.831
0.831
0.831
0.831
0.831
0.831
0.611
0.671
0.811
0.751
0.751
0.751
0.751
0.823
0.763
0.763
0.763
0.663
0.663
0.603
0.703
0.763
0.663
0.697
0.697
0.054
0.054
0.054
0.054
0.054
0.054
0.054
0.054
0.054
0.054
0.054
0.054
0.054
0.054
0.054
0.054
0.054
0.054
0.054
0.054
0.054
0.054
0.054
0.054
0.054
0.054
0.054
0.054
0.054
0.054
