0.053
0.053
0.053
0.053
0.053
0.053
0.053
0.053
0.053
0.053
0.053
0.053
0.053
0.053
0.053
0.053
0.053
0.053
0.053
0.053
0.053
0.053
0.053
0.053
0.053
0.053
0.053
0.053
0.053
0.053
0.053
0.053
0.053
0.053
0.053
0.053
0.053
0.053
0.053
0.053
0.053
0.053
0.053
0.053
0.053
0.053
0.053
0.234
0.234
0.234
0.234
0.234
0.234
0.381
0.381
0.381
0.381
0.381
0.381
0.381
0.381
0.381
0.381
0.381
0.381
0.381
0.381
0.381
0.381
0.2
0.2
0.2
0.2
0.053
0.053
0.053
0.053
0.053
0.053
0.053
0.053
0.053
0.053
0.053
0.053
0.053
0.053
0.053
0.053
0.053
0.053
0.053
0.053
0.053
0.053
0.053
0.053
0.053
0.053
0.053
0.053
0.053
0.053
0.053
0.053
0.053
0.053
0.053
0.053
0.053
0.053
0.053
0.053
0.053
0.2
0.2
0.2
0.2
0.2
0.2
0.2
0.2
0.2
0.2
0.2
0.2
0.2
0.2
0.2
0.2
0.2
0.2
0.2
0.2
0.053
0.053
0.053
0.053
0.053
0.053
0.258
0.258
0.258
0.258
0.258
0.258
0.258
0.258
0.258
0.258
0.258
0.439
0.439
0.439
0.234
0.234
0.234
0.234
0.234
0.234
0.234
0.234
0.234
0.234
0.234
0.234
0.234
0.234
0.234
0.234
0.234
0.234
0.234
0.053
0.053
0.053
0.053
0.053
0.053
0.053
0.053
0.053
0.053
0.053
0.053
0.053
0.053
0.053
0.053
0.053
0.053
0.053
0.053
0.053
0.053
0.053
0.053
0.053
0.053
0.053
0.053
0.053
0.053
0.053
0.053
0.053
0.053
0.053
0.053
0.053
0.053
0.2
0.2
0.2
0.2
0.2
0.2
0.2
0.2
0.2
0.2
0.381
0.381
0.381
0.381
0.381
0.381
0.381
0.381
0.381
0.381
0.234
0.234
0.234
0.234
0.234
0.234
0.234
0.234
0.234
0.234
0.234
0.234
0.258
0.258
0.258
0.258
0.258
0.258
0.258
0.258
0.258
0.258
0.258
0.258
0.258
0.258
0.053
0.053
0.053
0.053
0.053
0.053
0.053
0.053
0.053
0.053
0.053
0.053
0.053
0.053
0.053
0.053
0.053
0.053
0.053
0.053
0.053
0.053
0.053
0.053
0.053
0.053
0.053
0.053
0.053
0.053
0.053
0.053
0.053
0.234
0.234
0.234
0.234
0.234
0.234
0.234
0.234
0.234
0.234
0.234
0.234
0.234
0.234
0.234
0.234
0.234
0.234
0.234
0.234
0.234
0.234
0.2
0.2
0.2
0.2
0.2
0.2
0.2
0.2
0.2
0.2
0.2
0.2
0.2
0.2
0.2
0.2
0.2
0.2
0.2
0.2
0.053
0.053
0.053
0.053
0.053
0.053
0.053
0.053
0.053
0.258
0.258
0.258
0.258
0.258
0.258
0.258
0.258
0.258
0.258
0.258
0.258
0.258
0.258
0.053
0.053
0.234
0.234
0.234
0.234
0.234
0.234
0.234
0.234
0.234
0.234
0.234
0.234
0.234
0.234
0.234
0.381
0.381
0.381
0.381
0.381
0.381
0.381
0.2
0.2
0.2
0.2
0.2
0.2
0.2
0.2
0.2
0.2
0.2
0.2
0.2
0.053
0.053
0.053
0.053
0.053
0.053
0.053
0.053
0.053
0.053
0.053
0.053
0.053
0.053
0.053
0.053
0.053
0.053
0.053
0.053
0.053
0.053
0.053
0.053
0.053
0.053
0.053
0.053
0.053
0.053
0.053
0.053
0.234
0.234
0.234
0.234
0.234
0.234
0.234
0.234
0.234
0.234
0.234
0.234
0.234
0.234
0.234
0.234
0.234
0.234
0.234
0.294
0.294
0.294
0.113
0.318
0.388
0.388
0.388
0.538
0.538
0.538
0.488
0.488
0.488
2.254
2.254
2.344
0.598
0.393
0.323
0.323
0.323
0.323
0.323
0.373
0.323
0.373
0.323
0.52
0.43
0.43
0.43
0.43
0.43
0.43
0.58
2.186
2.236
2.236
0.5
0.5
0.5
0.5
0.5
0.5
0.5
0.5
0.5
0.353
0.353
0.423
0.423
0.423
0.423
0.423
0.604
0.534
0.534
0.584
0.534
0.594
0.594
0.534
0.534
0.534
0.534
0.534
0.534
0.534
0.534
0.543
0.534
1.655
1.655
1.655
1.655
1.655
0.258
0.258
0.258
0.258
0.258
0.258
0.258
0.258
0.258
0.258
0.258
0.258
0.258
0.258
0.053
0.053
0.053
0.2
0.2
0.2
0.2
0.2
0.2
0.2
0.2
0.2
0.2
0.2
0.2
0.2
0.2
0.2
0.2
0.2
0.2
0.2
0.2
0.053
0.053
0.053
0.053
0.053
0.053
0.053
0.053
0.053
0.053
0.053
0.053
0.053
0.234
0.234
0.234
0.234
0.234
0.234
0.234
0.234
0.234
0.234
0.234
0.234
0.234
0.234
0.234
0.234
0.234
0.234
0.234
0.234
0.234
0.234
0.053
0.053
0.053
0.053
0.053
0.053
0.258
0.258
1.379
1.379
1.399
1.399
1.449
1.449
1.439
1.439
1.399
1.399
1.459
1.459
1.254
1.254
1.254
1.254
1.526
1.635
1.635
1.694
1.745
1.745
1.745
1.685
1.685
0.586
0.586
0.586
0.586
0.906
0.906
0.906
1.026
2.741
2.761
2.811
2.564
2.564
2.764
2.764
2.694
4.627
4.717
4.717
4.717
4.958
6.764
6.764
6.764
5.058
5.058
5.058
5.058
5.058
3.135
3.075
3.015
3.115
3.095
2.955
2.955
2.955
0.972
0.981
0.981
3.096
3.136
2.955
2.955
3.12
3.16
3.16
3.061
3.061
3.061
3.021
3.021
3.021
3.021
2.961
3.111
3.111
3.111
2.906
3.053
0.938
0.838
0.838
0.838
0.838
0.878
0.878
0.878
0.878
0.878
0.828
0.828
0.828
0.828
0.828
0.828
0.848
0.888
0.888
0.741
0.721
0.771
0.771
0.771
0.771
0.681
0.681
0.681
0.681
0.681
0.681
0.681
0.908
0.908
0.731
0.781
0.936
0.936
0.945
0.945
1.122
1.122
0.885
0.945
0.885
1.012
1.193
1.016
1.016
1.016
1.036
1.036
1.016
1.193
1.253
1.076
1.176
1.266
1.493
1.59
1.413
1.413
1.413
1.413
1.413
1.413
1.59
1.435
1.077
1.282
1.282
1.459
1.419
1.737
1.737
1.807
1.807
1.807
1.24
1.22
1.22
1.538
1.558
1.508
1.488
1.488
3.37
3.215
3.215
3.215
3.315
3.33
3.33
3.38
3.38
3.38
3.38
3.29
3.29
3.29
3.29
3.29
3.29
3.4
3.4
3.4
3.34
3.34
3.29
3.29
3.29
3.24
3.24
3.24
3.24
3.24
3.421
3.421
3.449
3.449
3.449
3.449
3.449
3.449
3.439
3.439
3.439
3.439
3.586
3.586
3.586
3.586
3.586
3.586
3.586
3.586
3.586
3.586
3.405
3.405
3.405
3.405
3.405
3.405
3.405
3.405
0.956
1.006
0.859
0.859
0.734
0.734
0.734
0.734
0.734
0.734
0.734
0.734
0.939
1.017
1.017
0.967
0.967
0.967
0.892
0.892
0.892
0.892
0.912
0.912
0.912
0.912
0.707
0.707
0.707
0.707
0.707
0.707
0.707
0.707
0.707
0.707
0.687
0.687
0.687
2.802
2.802
2.802
2.802
2.802
2.802
2.774
2.774
2.921
2.921
2.921
2.921
2.921
2.971
2.971
2.971
2.971
2.971
2.971
2.971
0.856
0.856
0.856
0.916
0.916
1.041
1.041
1.461
1.314
1.314
1.314
0.934
0.934
0.864
0.786
0.777
0.777
0.958
3.133
3.133
3.133
3.133
3.133
3.133
3.133
3.133
3.338
3.229
3.199
3.199
5.276
5.276
5.256
5.256
5.256
5.256
5.256
5.256
3.141
2.969
2.764
2.764
2.824
2.884
2.884
2.824
2.874
2.874
2.874
2.824
2.971
2.962
2.962
2.922
2.972
2.912
2.812
0.745
0.745
0.745
0.745
0.695
0.695
0.695
0.695
0.695
0.695
0.695
0.595
0.595
0.448
0.448
0.448
0.323
0.373
0.433
0.433
0.383
0.323
0.323
0.323
0.323
0.223
0.223
0.223
0.223
0.223
0.223
0.223
0.223
0.223
0.223
0.223
0.223
0.232
0.232
0.232
0.232
0.232
0.232
0.232
0.232
0.232
0.172
0.172
0.172
0.3
0.25
0.25
0.27
0.27
0.27
0.27
0.27
0.27
0.27
0.27
0.27
0.475
0.475
1.668
1.668
1.648
1.648
1.738
1.885
1.885
1.885
1.876
1.876
1.916
1.916
1.671
1.671
1.721
1.631
1.631
1.631
3.377
3.377
3.558
1.812
1.812
1.862
1.862
1.715
1.715
1.715
1.715
1.715
1.715
1.615
1.615
1.615
1.655
1.655
1.615
1.615
1.615
1.715
1.715
1.715
1.534
1.534
1.484
1.534
1.534
1.524
1.524
1.484
1.484
1.524
1.524
1.524
1.484
1.504
1.504
1.559
1.559
1.531
0.658
0.658
0.658
0.698
0.438
0.438
0.438
0.438
0.398
0.398
0.398
0.498
0.498
0.703
0.9
0.9
1.025
0.975
0.975
0.975
0.975
1.13
1.158
1.158
1.218
1.218
1.218
0.973
1.154
1.154
1.154
2.9
2.9
3.01
1.117
1.217
1.147
1.147
1.147
1.147
1.147
1.147
1.147
1.147
1.147
1.147
1.147
1.147
1.147
1.147
0.966
0.966
0.946
0.946
0.946
0.806
0.806
0.806
0.806
0.806
0.806
0.806
0.866
0.966
1.066
0.966
0.966
2.732
2.672
2.612
0.771
0.831
0.831
0.831
0.891
0.891
0.931
0.931
0.931
0.931
0.831
0.831
0.831
0.978
0.978
0.978
0.978
0.993
0.993
1.083
1.083
1.063
1.248
1.348
1.348
1.32
1.32
1.21
1.21
1.21
1.21
1.34
1.34
1.193
1.193
1.193
0.863
0.863
0.863
0.903
0.903
0.863
0.863
0.912
0.962
0.962
0.962
0.807
0.807
0.807
0.807
0.807
0.907
0.626
0.666
0.666
0.666
0.666
0.726
0.796
0.796
0.746
0.901
0.951
0.961
0.961
0.901
0.841
0.841
0.671
0.671
0.671
0.671
0.671
0.671
1.792
1.792
1.792
1.792
1.792
0.053
0.053
0.053
0.053
0.053
0.053
0.053
0.053
0.053
0.053
0.053
0.053
0.053
0.053
0.053
0.053
0.258
0.258
0.258
0.258
1.658
1.658
1.658
1.658
1.658
1.658
1.658
1.658
1.658
1.658
1.438
1.438
1.478
1.478
1.478
1.478
1.478
1.528
1.653
1.653
1.834
1.834
1.834
1.834
1.834
0.741
0.741
0.741
0.741
0.741
0.888
0.888
0.888
0.888
0.948
0.948
0.948
0.948
0.948
0.948
0.948
0.948
0.817
0.817
0.767
0.767
0.782
0.782
0.782
0.782
0.635
0.635
0.635
0.635
0.635
0.635
0.575
0.615
0.615
0.635
0.685
0.685
0.685
0.785
0.845
0.905
0.905
0.845
0.905
0.905
0.905
0.905
0.955
1.055
1.145
1.045
1.045
1.115
1.025
0.76
0.76
0.76
0.76
0.72
0.925
0.925
0.925
0.925
0.925
0.925
0.925
0.975
1.156
1.156
1.156
1.106
1.106
1.106
0.873
0.873
1.02
1.048
1.048
1.048
1.048
1.048
1.048
1.048
1.048
1.048
1.048
1.048
1.048
0.978
0.797
0.797
0.797
0.987
0.987
1.012
0.865
0.865
0.865
0.865
0.865
0.88
0.88
0.88
0.88
0.88
0.88
0.88
0.88
0.88
0.755
0.755
0.655
0.655
0.655
0.655
0.655
0.635
0.635
0.75
0.75
0.69
0.71
0.719
0.719
0.719
0.789
0.789
0.789
2.916
2.916
2.916
2.916
3.246
3.206
3.206
3.051
3.051
3.051
3.051
3.292
3.292
3.292
3.292
3.292
3.352
3.292
3.087
3.087
3.087
2.959
2.899
2.899
2.899
2.899
2.899
0.772
0.772
0.772
0.772
0.722
0.652
0.471
0.511
0.462
0.412
0.053
0.053
0.053
0.053
0.053
0.053
0.053
0.053
0.053
0.053
