0.05
0.05
0.05
0.05
0.05
0.05
0.05
0.05
0.05
0.05
0.05
0.05
0.05
0.05
0.05
0.05
0.05
0.05
0.05
0.05
0.05
0.05
0.05
0.05
0.05
0.05
0.05
0.05
0.05
0.05
0.05
0.05
0.05
0.05
0.05
0.05
0.05
0.05
0.05
0.05
0.05
0.05
0.05
0.05
0.05
0.05
0.05
0.05
0.05
0.05
0.05
0.05
0.05
0.05
0.05
0.05
0.05
0.05
0.05
0.05
0.194
0.194
0.194
0.194
0.194
0.194
0.194
0.194
0.194
0.194
0.194
0.194
0.194
0.194
0.194
0.194
0.194
0.194
0.194
0.194
0.05
0.05
0.05
0.05
0.05
0.05
0.05
0.05
0.05
0.05
0.05
0.05
0.05
0.05
0.05
0.05
0.05
0.05
0.05
0.05
0.05
0.05
0.05
0.05
0.05
0.05
0.05
0.05
0.05
0.05
0.05
0.05
0.05
0.05
0.05
0.05
0.05
0.05
0.238
0.238
0.238
0.238
0.238
0.238
0.238
0.238
0.238
0.238
0.238
0.238
0.238
0.238
0.05
0.05
0.05
0.05
0.05
0.05
0.05
0.05
0.05
0.05
0.05
0.05
0.05
0.05
0.05
0.05
0.05
0.05
0.05
0.05
0.05
0.05
0.05
0.05
0.05
0.05
0.05
0.05
0.05
0.05
0.162
0.162
0.162
0.162
0.162
0.162
0.162
0.162
0.162
0.162
0.162
0.162
0.162
0.162
0.162
0.162
0.162
0.162
0.05
0.05
0.05
0.05
0.05
0.05
0.05
0.05
0.05
0.05
0.05
0.05
0.05
0.05
0.05
0.05
0.05
0.238
0.238
0.238
0.238
0.238
0.238
0.238
0.238
0.238
0.238
0.238
0.238
0.238
0.238
0.05
0.05
0.05
0.194
0.194
0.194
0.194
0.194
0.194
0.194
0.194
0.194
0.194
0.194
0.194
0.194
0.194
0.194
0.194
0.194
0.194
0.194
0.194
0.05
0.162
0.162
0.162
0.162
0.162
0.162
0.162
0.162
0.162
0.162
0.162
0.162
0.162
0.162
0.162
0.162
0.162
0.162
0.05
0.05
0.05
0.05
0.05
0.05
0.05
0.05
0.05
0.05
0.05
0.05
0.05
0.05
0.05
0.05
0.05
0.05
0.05
0.05
0.05
0.05
0.194
0.194
0.194
0.194
0.194
0.194
0.194
0.382
0.382
0.382
0.382
0.382
0.382
0.382
0.382
0.382
0.382
0.382
0.382
0.382
0.238
0.05
0.05
0.05
0.05
0.05
0.05
0.05
0.05
0.05
0.05
0.05
0.05
0.05
0.162
0.162
0.162
0.162
0.162
0.162
0.162
0.162
0.162
0.162
0.162
0.162
0.162
0.162
0.162
0.162
0.162
0.162
0.05
0.05
0.05
0.05
0.05
0.05
0.05
0.05
0.05
0.05
0.05
0.05
0.05
0.05
0.05
0.05
0.05
0.05
0.05
0.05
0.05
0.05
0.05
0.05
0.05
0.238
0.238
0.238
0.238
0.238
0.238
0.238
0.238
0.238
0.238
0.238
0.238
0.238
0.238
0.05
0.05
0.05
0.05
0.05
0.05
0.05
0.162
0.162
0.162
0.162
0.162
0.162
0.162
0.162
0.162
0.162
0.162
0.162
0.162
0.162
0.162
0.162
0.162
0.162
0.05
0.05
0.05
0.05
0.194
0.194
0.194
0.194
0.194
0.194
0.194
0.194
0.194
0.194
0.194
0.194
0.194
0.194
0.194
0.194
0.194
0.194
0.194
0.194
0.05
0.05
0.05
0.05
0.05
0.05
0.05
0.05
0.05
0.05
0.05
0.05
0.05
0.05
0.05
0.05
0.05
0.238
0.238
0.238
0.238
0.35
0.35
0.35
0.35
0.35
0.35
0.35
0.35
0.35
0.35
0.162
0.162
0.162
0.162
0.162
0.162
0.162
0.162
0.05
0.05
0.05
0.05
0.05
0.05
0.05
0.05
0.05
0.05
0.05
0.05
0.05
0.05
0.05
0.05
0.05
0.05
0.05
0.05
0.05
0.05
0.05
0.05
0.05
0.05
0.05
0.05
0.05
0.05
0.05
0.05
0.05
0.05
0.05
0.05
0.05
0.05
0.05
0.05
0.05
0.05
0.05
0.05
0.05
0.05
0.05
0.05
0.05
0.05
0.05
0.05
0.05
0.05
0.05
0.05
0.05
0.05
0.05
0.05
0.194
0.194
0.194
0.194
0.194
0.194
0.194
0.194
0.194
0.194
0.194
0.194
0.194
0.194
0.194
0.194
0.194
0.194
0.194
0.194
0.05
0.05
0.05
0.05
0.05
0.05
0.05
0.05
0.05
0.05
0.05
0.05
0.162
0.162
0.162
0.162
0.162
0.162
0.162
0.162
0.162
0.162
0.162
0.162
0.162
0.35
0.35
0.35
0.35
0.35
0.238
0.238
0.238
0.238
0.238
0.238
0.238
0.238
0.238
0.05
0.05
0.05
0.05
0.05
0.05
0.05
0.05
0.05
0.05
0.05
0.05
0.05
0.05
0.05
0.05
0.05
0.05
0.05
0.05
0.05
0.05
0.05
0.05
0.05
0.05
0.05
0.194
0.194
0.194
0.194
0.194
0.194
0.194
0.194
0.194
0.194
0.194
0.323
0.323
0.323
0.323
0.323
0.323
0.323
0.323
0.323
0.179
0.179
0.179
0.179
0.179
0.179
0.179
0.179
0.179
0.179
0.179
0.179
0.179
0.179
0.179
0.179
0.179
0.179
0.179
0.179
0.191
0.191
0.191
0.191
0.191
0.191
0.191
0.191
0.191
0.191
0.303
0.303
0.303
0.303
0.303
0.303
0.303
0.303
0.363
0.363
0.363
0.363
0.363
0.363
0.363
0.363
0.363
0.363
0.251
0.379
0.379
0.379
0.379
0.379
0.379
0.379
0.379
0.379
0.379
0.379
0.379
0.379
0.379
0.191
0.335
0.335
0.335
0.335
0.335
0.335
0.335
0.335
0.335
0.335
0.335
0.335
0.335
0.335
0.335
0.335
0.323
0.323
0.323
0.323
0.179
0.179
0.179
0.179
0.179
0.179
0.179
0.179
0.179
0.179
0.179
0.179
0.179
0.179
0.179
0.179
0.179
0.179
0.179
0.179
0.179
0.179
0.313
0.313
0.313
0.313
0.313
0.313
0.313
0.313
0.313
0.313
0.313
0.313
0.313
0.313
0.313
0.425
0.425
0.437
0.437
0.437
0.437
0.437
0.437
0.437
0.437
0.437
0.437
0.437
0.437
0.437
0.437
0.437
0.437
0.325
0.469
0.469
0.469
0.5
0.5
0.5
0.5
0.5
0.5
0.5
0.5
0.5
0.5
0.5
0.5
0.5
0.5
0.5
0.5
0.5
0.356
0.356
0.356
0.356
0.356
0.356
0.356
0.544
0.544
0.544
0.544
0.544
0.544
0.544
0.544
0.544
0.544
0.544
0.544
0.544
0.558
0.37
0.37
0.358
0.358
0.358
0.358
0.358
0.358
0.358
0.358
0.358
0.358
0.358
0.358
0.358
0.358
0.358
0.358
0.358
0.358
0.358
0.358
0.358
0.358
0.358
0.358
0.358
0.358
0.358
0.358
0.47
0.49
0.49
0.49
0.47
0.439
0.439
0.439
0.439
0.439
0.583
0.583
0.583
0.583
0.583
0.583
0.583
0.583
0.471
0.471
0.471
0.471
0.471
0.471
0.471
0.471
0.471
0.471
0.471
0.337
0.193
0.193
0.193
0.193
0.193
0.193
0.193
0.193
0.193
0.381
0.381
0.381
0.367
0.367
0.367
0.367
0.367
0.367
0.367
0.367
0.367
0.367
0.367
0.179
0.179
0.179
0.179
0.179
0.179
0.179
0.179
0.291
1.2
1.2
1.2
0.291
0.291
0.291
0.291
0.291
0.291
0.291
0.291
0.291
0.291
0.291
0.291
0.291
0.291
0.179
0.05
0.05
0.05
0.05
0.05
0.05
0.05
0.05
0.05
0.05
0.05
0.05
0.05
0.05
0.05
0.05
0.05
0.05
0.05
0.05
0.05
0.05
0.05
0.05
0.062
0.062
0.062
0.206
0.206
0.206
0.206
0.206
0.206
0.394
0.394
0.394
0.394
0.394
0.523
0.523
0.523
0.523
0.537
0.537
0.537
0.537
0.537
0.205
0.205
0.205
0.205
0.205
0.205
0.205
0.217
0.217
0.217
0.217
0.229
0.217
0.217
0.217
0.217
0.217
0.217
0.351
0.351
0.351
0.351
0.351
0.351
0.351
0.351
0.351
0.351
0.351
0.463
0.463
0.463
0.463
0.463
0.463
0.463
0.463
0.463
0.463
0.463
0.463
0.463
0.463
0.463
0.463
0.463
0.463
0.351
0.351
0.351
0.351
0.495
0.495
0.495
0.495
0.495
0.495
0.683
0.683
0.683
0.683
0.683
0.382
0.382
0.382
0.382
0.382
0.382
0.382
0.382
0.382
0.05
0.05
0.05
0.05
0.05
0.05
0.05
0.05
0.05
0.05
0.05
0.05
0.05
0.05
0.05
0.05
0.05
0.05
0.05
0.05
0.05
0.05
0.05
0.05
0.05
0.05
0.05
0.05
0.05
0.05
0.05
0.05
0.05
0.05
0.05
0.05
0.05
0.05
0.05
0.05
0.05
0.05
0.05
0.05
0.05
0.05
0.05
0.05
0.05
0.05
0.05
0.194
0.194
0.194
0.194
0.194
0.194
0.382
0.382
0.382
0.382
0.382
0.382
0.382
0.382
0.382
0.382
0.382
0.382
0.382
0.382
0.05
0.05
0.05
0.05
0.05
0.05
0.05
0.05
0.162
0.162
0.162
0.162
0.162
0.162
0.162
0.162
0.162
0.162
0.162
0.162
0.162
0.162
0.162
0.162
0.162
0.162
0.05
0.05
0.05
0.05
0.05
0.05
0.05
0.05
0.05
0.05
0.05
0.05
0.05
0.05
0.05
0.05
0.05
0.05
0.05
0.05
0.05
0.05
0.05
0.05
0.05
0.05
0.05
0.05
0.05
0.05
0.05
0.05
0.05
0.05
0.05
0.05
0.05
0.05
0.194
0.194
0.194
0.194
0.194
0.194
0.194
0.194
0.194
0.194
0.194
0.194
0.194
0.194
0.194
0.194
0.194
0.194
0.194
0.194
0.05
0.05
0.05
0.05
0.05
0.05
0.05
0.05
0.05
0.05
0.05
0.05
0.05
0.05
0.05
0.162
0.162
0.162
0.162
0.162
0.162
0.162
0.162
0.162
0.162
0.162
0.162
0.162
0.162
0.162
0.162
0.162
0.162
0.05
0.05
0.05
0.05
0.05
0.05
0.05
0.05
0.05
0.05
0.05
0.05
0.05
0.05
0.05
0.05
0.05
0.05
0.05
0.05
0.05
0.05
0.05
0.05
0.05
0.05
0.05
0.05
0.05
0.05
0.05
0.194
0.194
0.523
0.523
0.523
0.523
0.523
0.511
0.517
0.517
0.517
0.517
0.497
0.609
0.609
0.609
0.609
0.609
0.609
0.609
0.465
0.465
0.465
0.465
0.465
0.465
0.477
0.477
0.477
0.477
0.477
0.365
0.365
0.365
0.377
0.565
0.565
0.625
0.625
0.585
0.585
0.585
0.573
0.573
0.573
0.573
0.573
0.573
0.573
0.385
0.416
0.456
0.456
0.456
0.456
0.456
0.456
0.456
0.456
0.456
0.456
0.456
0.6
0.6
0.6
0.6
0.6
0.712
0.712
0.712
0.712
0.712
0.712
0.712
0.712
0.712
0.712
0.712
0.578
0.578
0.578
0.578
0.434
0.434
0.434
0.322
0.31
0.31
0.31
0.31
0.334
0.322
0.322
0.456
0.456
0.456
0.456
0.456
0.456
0.456
0.516
0.616
0.616
0.616
0.616
0.616
0.556
0.591
0.591
0.591
0.591
0.591
0.491
0.491
0.491
0.491
0.491
0.679
0.679
0.604
0.616
0.616
0.238
0.238
0.238
0.382
0.382
0.382
0.382
0.382
0.382
0.194
0.194
0.194
0.194
0.194
0.194
0.194
0.194
0.194
0.194
0.194
0.194
0.194
0.194
0.05
0.05
0.05
0.05
0.05
0.05
0.05
0.05
0.05
0.05
0.05
0.05
0.05
0.05
0.05
0.05
0.05
0.05
0.05
0.05
0.05
0.05
0.05
0.05
0.05
0.05
0.05
0.05
0.05
0.05
0.05
0.05
0.05
0.05
0.162
0.162
0.162
0.162
0.162
0.162
0.162
0.162
0.35
0.35
0.35
0.35
0.494
