0.053
0.053
0.053
0.053
0.053
0.053
0.053
0.053
0.053
0.053
0.053
0.053
0.053
0.053
0.053
0.053
0.053
0.053
0.053
0.053
0.053
0.053
0.053
0.053
0.053
0.053
0.053
0.053
0.053
0.053
0.053
0.053
0.053
0.053
0.053
0.053
0.053
0.053
0.053
0.053
0.053
0.053
0.053
0.053
0.053
0.053
0.053
0.053
0.053
0.053
0.053
0.053
0.053
0.053
0.053
0.053
0.053
0.053
0.053
0.053
0.053
0.053
0.053
0.053
0.053
0.053
0.053
0.053
0.053
0.252
0.252
0.252
0.252
0.252
0.252
0.252
0.252
0.252
0.252
0.252
0.252
0.252
0.252
0.053
0.053
0.053
0.053
0.053
0.234
0.234
0.234
0.234
0.234
0.234
0.234
0.234
0.234
0.234
0.234
0.234
0.234
0.234
0.234
0.234
0.234
0.234
0.234
0.234
0.234
0.234
0.19
0.19
0.19
0.19
0.19
0.19
0.19
0.19
0.19
0.19
0.19
0.19
0.19
0.19
0.19
0.19
0.19
0.19
0.19
0.19
0.053
0.053
0.053
0.053
0.053
0.053
0.053
0.053
0.053
0.053
0.053
0.053
0.053
0.053
0.053
0.252
0.252
0.252
0.252
0.252
0.252
0.252
0.252
0.252
0.252
0.252
0.252
0.252
0.252
0.053
0.053
0.053
0.053
0.053
0.053
0.053
0.053
0.053
0.053
0.053
0.053
0.053
0.053
0.053
0.234
0.234
0.234
0.234
0.234
0.234
0.234
0.234
0.234
0.234
0.234
0.234
0.234
0.234
0.234
0.234
0.234
0.234
0.234
0.234
0.234
0.234
0.053
0.053
0.19
0.19
0.19
0.19
0.19
0.19
0.19
0.19
0.19
0.19
0.19
0.19
0.19
0.19
0.19
0.19
0.19
0.389
0.389
0.389
0.252
0.252
0.252
0.252
0.252
0.252
0.252
0.252
0.252
0.252
0.252
0.053
0.053
0.053
0.053
0.053
0.053
0.053
0.053
0.053
0.053
0.053
0.053
0.053
0.053
0.053
0.053
0.053
0.053
0.053
0.053
0.053
0.053
0.053
0.053
0.053
0.053
0.053
0.053
0.053
0.053
0.053
0.053
0.19
0.19
0.19
0.19
0.19
0.19
0.19
0.19
0.19
0.19
0.19
0.19
0.19
0.19
0.19
0.19
0.19
0.371
0.371
0.371
0.234
0.234
0.234
0.234
0.234
0.234
0.234
0.234
0.433
0.433
0.433
0.433
0.433
0.433
0.433
0.433
0.433
0.433
0.433
0.252
0.252
0.252
0.053
0.053
0.053
0.053
0.053
0.053
0.053
0.053
0.053
0.053
0.053
0.053
0.053
0.053
0.053
0.053
0.053
0.053
0.053
0.053
0.19
0.19
0.19
0.19
0.19
0.19
0.19
0.19
0.19
0.19
0.19
0.19
0.19
0.19
0.19
0.19
0.19
0.19
0.19
0.19
0.053
0.053
0.053
0.053
0.053
0.053
0.053
0.053
0.053
0.053
0.053
0.053
0.053
0.053
0.053
0.234
0.234
0.234
0.234
0.234
0.234
0.234
0.234
0.234
0.234
0.234
0.234
0.234
0.234
0.234
0.234
0.234
0.234
0.234
0.433
0.433
0.433
0.252
0.252
0.252
0.252
0.252
0.252
0.252
0.252
0.252
0.252
0.252
0.053
0.053
0.053
0.053
0.053
0.053
0.053
0.053
0.053
0.053
0.053
0.053
0.053
0.053
0.053
0.053
0.053
0.19
0.19
0.19
0.19
0.19
0.19
0.19
0.19
0.19
0.19
0.19
0.19
0.19
0.19
0.19
0.19
0.19
0.19
0.19
0.19
0.053
0.053
0.053
0.053
0.053
0.053
0.234
0.234
0.234
0.234
0.234
0.234
0.234
0.234
0.234
0.234
0.234
0.234
0.234
0.234
0.234
0.234
0.234
0.234
0.234
0.234
0.234
0.234
0.053
0.053
0.053
0.053
0.053
0.14
0.14
0.339
0.339
0.339
0.339
0.339
0.339
0.339
0.339
0.339
0.339
0.339
0.339
0.404
0.404
0.205
0.205
0.205
0.205
0.205
0.205
0.205
0.205
0.205
0.205
0.355
0.39
0.39
0.39
0.39
0.39
0.39
0.39
0.39
0.39
0.39
0.39
0.355
0.355
0.355
0.355
0.355
0.355
0.355
0.355
0.355
0.355
0.355
0.536
0.536
0.536
0.536
0.536
0.536
0.536
0.536
0.654
0.654
0.589
0.562
0.562
0.562
0.562
0.562
0.562
0.562
0.562
0.562
0.634
0.634
0.59
0.59
0.59
0.59
0.59
0.59
2.573
2.573
2.573
2.573
2.573
2.573
2.573
2.395
2.395
2.395
2.395
2.395
2.395
2.395
2.258
2.258
2.258
2.258
2.258
2.258
2.258
0.275
0.275
0.474
0.474
0.474
0.474
0.474
0.474
0.474
0.474
0.534
0.534
0.534
0.534
0.534
0.534
0.335
0.335
0.335
0.335
0.335
0.335
0.335
0.335
0.335
0.335
0.335
0.335
0.335
0.335
0.335
0.335
0.335
0.335
0.335
0.335
0.516
0.516
0.588
0.588
0.528
0.528
0.528
0.528
0.528
0.528
2.511
2.511
2.511
2.648
2.648
2.648
2.648
2.648
2.648
2.648
2.648
2.648
2.467
2.467
2.467
2.467
2.467
2.644
2.644
2.467
2.467
0.484
0.484
0.347
0.347
0.347
0.347
0.347
0.347
0.347
0.524
0.524
0.347
0.347
0.347
0.197
0.197
0.197
0.197
0.197
0.197
0.197
0.197
0.374
0.374
0.197
0.197
0.197
0.197
0.197
0.197
0.197
0.197
0.197
0.197
0.197
0.374
0.374
0.692
0.692
0.692
0.692
0.692
0.125
0.125
0.125
0.125
0.125
0.125
0.125
0.125
0.125
0.262
0.262
0.262
0.443
0.443
0.443
0.443
0.443
0.443
0.443
0.443
0.443
0.62
0.62
0.443
0.443
0.443
0.443
0.443
0.642
0.505
0.505
0.505
0.505
0.505
0.501
0.501
0.324
0.324
0.324
0.324
0.324
0.324
0.125
0.125
0.125
0.125
0.125
0.302
0.302
0.125
0.125
0.125
0.125
0.125
0.125
0.125
0.125
0.125
0.125
0.125
0.302
0.302
0.62
0.62
0.62
0.62
0.62
2.552
2.552
2.552
2.552
2.689
2.689
2.689
2.689
2.689
2.689
2.689
2.689
2.689
2.689
2.689
2.689
2.689
2.689
2.689
2.689
2.689
2.689
2.689
2.689
2.552
2.552
2.552
2.552
2.552
2.552
2.552
2.552
2.552
2.552
2.552
2.552
2.552
2.552
2.552
2.552
2.552
2.552
2.552
2.751
2.751
2.751
2.751
2.751
2.751
2.932
2.932
2.932
2.932
2.932
2.932
2.932
2.932
2.733
2.733
2.733
0.234
0.234
0.234
0.234
0.234
0.234
0.234
0.234
0.234
0.234
0.234
0.053
0.053
0.053
0.053
0.053
0.053
0.053
0.053
0.053
0.053
0.053
0.053
0.053
0.053
0.053
0.053
0.053
0.053
0.053
0.053
0.053
0.053
0.053
0.053
0.053
0.053
0.053
0.053
0.053
0.053
0.053
0.053
0.053
0.053
0.053
0.053
0.053
0.053
0.053
0.053
0.053
0.053
0.053
0.053
0.053
0.19
0.19
0.19
0.19
0.19
0.19
0.19
0.19
0.19
0.19
0.19
0.19
0.19
0.19
0.19
0.371
0.371
0.371
0.371
0.371
0.234
0.234
0.234
0.234
0.234
0.234
0.234
0.234
0.234
0.234
0.234
0.234
0.234
0.234
0.433
0.433
0.433
0.252
0.252
0.252
0.252
0.252
0.252
0.252
0.252
0.252
0.252
0.252
0.053
0.053
0.053
0.053
0.053
0.053
0.053
0.053
0.053
0.053
0.053
0.053
0.053
0.053
0.053
0.053
0.053
0.053
0.053
0.053
0.053
0.053
0.053
0.053
0.053
0.053
0.053
0.053
0.053
0.19
0.19
0.19
0.19
0.19
0.19
0.19
0.19
0.19
0.19
0.19
0.19
0.34
0.34
0.34
0.34
0.34
0.34
0.34
0.462
0.325
0.325
0.325
0.325
0.443
0.443
0.443
0.325
0.325
0.325
0.325
0.325
0.325
0.325
0.325
0.325
0.325
0.325
0.325
0.325
0.325
0.325
0.325
0.325
0.325
0.325
0.325
0.506
0.506
0.506
0.506
0.506
0.506
0.506
0.506
0.506
0.705
0.705
0.705
0.705
0.745
0.745
0.745
0.745
0.745
0.745
0.745
0.705
0.705
0.524
0.325
0.325
0.325
0.325
0.325
0.325
0.325
0.325
0.325
0.325
0.325
0.325
0.325
0.325
0.325
0.325
0.325
0.325
0.462
0.462
0.462
0.462
0.462
0.462
0.462
0.462
0.462
0.462
0.462
0.462
0.462
0.462
0.462
0.462
0.462
2.551
2.551
2.551
2.414
2.414
2.414
2.414
2.414
2.414
2.292
2.292
2.292
2.292
4.314
4.314
4.495
2.473
2.473
2.595
2.595
0.506
0.506
0.506
0.506
0.506
0.506
0.506
0.506
0.506
0.506
0.506
0.506
0.705
0.705
0.705
0.705
0.705
0.533
0.533
0.533
0.411
0.411
0.411
0.411
0.411
0.411
0.212
0.212
0.212
0.334
0.334
0.334
0.334
0.334
0.184
0.184
0.204
0.204
0.204
0.204
0.204
0.204
0.204
0.204
0.204
0.322
0.322
0.322
0.322
2.344
2.344
2.344
0.342
0.342
0.342
0.342
0.342
0.342
0.342
0.342
0.342
0.342
2.364
2.364
2.424
0.402
0.402
0.402
0.402
0.402
0.402
0.22
0.22
0.28
0.28
0.28
0.461
0.441
0.441
0.441
0.441
0.441
0.441
0.501
0.501
0.501
0.501
0.441
0.441
0.563
0.554
0.554
0.554
0.554
0.432
0.432
0.372
0.372
0.191
0.191
0.191
0.191
0.191
0.191
0.191
0.191
0.191
0.191
0.191
0.191
0.191
0.191
0.191
0.22
0.22
0.37
0.37
0.37
0.37
0.37
0.569
0.569
0.569
0.569
0.569
0.569
0.569
0.569
0.691
0.691
0.691
0.691
0.691
0.691
0.492
0.492
0.492
0.492
0.492
0.492
0.527
0.527
0.492
1.008
1.017
0.682
0.682
0.742
0.742
0.742
0.777
0.912
1.049
1.049
0.989
0.989
0.989
0.989
0.989
0.949
0.949
0.949
0.949
0.949
0.949
0.768
0.768
0.733
0.611
0.611
0.611
0.611
0.474
0.534
0.534
0.534
0.416
0.416
0.416
0.416
0.451
0.451
0.451
0.471
0.471
0.471
0.442
0.507
0.516
0.516
0.496
0.496
0.496
0.496
0.496
0.496
0.496
0.496
0.496
0.496
0.525
0.545
0.48
0.48
0.48
0.799
0.799
0.252
0.252
0.252
0.252
0.252
0.252
0.252
0.252
0.252
0.433
0.433
0.433
0.234
0.234
0.234
0.234
0.234
0.234
0.234
0.234
0.422
0.422
0.422
0.442
0.442
0.442
0.442
0.442
0.442
0.442
0.422
0.241
0.306
0.306
0.306
0.306
0.428
0.428
0.428
0.463
0.463
0.463
0.428
0.428
0.437
0.437
0.437
0.497
0.437
0.437
0.437
0.537
0.557
0.557
0.548
0.608
0.608
0.608
0.682
0.622
0.759
0.759
0.759
0.768
0.768
0.803
0.863
0.863
0.863
0.923
0.823
0.874
0.934
0.814
0.805
0.805
0.805
0.923
1.122
1.122
0.252
0.252
0.252
0.252
0.252
0.252
0.252
0.252
0.252
0.252
0.252
0.252
0.053
0.053
0.053
0.053
0.053
0.053
0.053
0.053
0.053
0.053
0.053
0.053
0.053
0.053
0.234
0.234
0.234
0.234
0.234
0.234
0.234
0.234
0.234
0.234
0.234
0.234
0.234
0.234
0.234
0.234
0.234
0.234
0.234
0.234
0.234
0.234
0.053
0.053
0.053
0.053
0.19
0.19
0.19
0.19
0.19
0.19
0.19
0.19
0.19
0.19
0.19
0.19
0.19
0.19
0.19
0.19
0.19
0.19
0.19
0.19
0.053
0.053
0.053
0.053
0.252
0.252
0.252
0.252
0.252
0.252
0.252
0.252
0.252
0.252
0.252
0.252
0.252
0.252
0.053
0.053
0.053
0.053
0.053
0.053
0.053
0.053
0.234
0.234
