0.053
0.053
0.053
0.053
0.053
0.053
0.053
0.053
0.053
0.053
0.053
0.053
0.053
0.053
0.053
0.053
0.053
0.053
0.053
0.053
0.053
0.053
0.053
0.053
0.053
0.053
0.053
0.053
0.053
0.053
0.053
0.053
0.053
0.053
0.053
0.053
0.053
0.053
0.053
0.053
0.053
0.227
0.227
0.227
0.227
0.227
0.227
0.227
0.227
0.227
0.227
0.227
0.227
0.227
0.227
0.227
0.227
0.227
0.227
0.227
0.227
0.053
0.053
0.053
0.053
0.053
0.053
0.053
0.053
0.053
0.053
0.237
0.404
0.404
0.404
0.404
0.404
0.404
0.404
0.404
0.404
0.404
0.404
0.404
0.404
0.22
0.22
0.22
0.22
0.22
0.22
0.22
0.22
0.22
0.053
0.053
0.053
0.053
0.053
0.053
0.053
0.053
0.053
0.227
0.227
0.227
0.227
0.227
0.227
0.227
0.227
0.227
0.227
0.227
0.227
0.227
0.227
0.227
0.227
0.227
0.227
0.227
0.227
0.053
0.053
0.053
0.053
0.053
0.053
0.053
0.053
0.053
0.053
0.053
0.053
0.053
0.053
0.053
0.053
0.053
0.053
0.053
0.237
0.237
0.237
0.237
0.237
0.237
0.237
0.237
0.237
0.237
0.404
0.404
0.404
0.404
0.22
0.22
0.22
0.22
0.22
0.22
0.22
0.22
0.22
0.22
0.22
0.22
0.22
0.22
0.22
0.22
0.22
0.22
0.053
0.053
0.053
0.053
0.053
0.053
0.053
0.053
0.053
0.053
0.053
0.053
0.053
0.053
0.053
0.053
0.053
0.053
0.053
0.053
0.053
0.053
0.053
0.053
0.053
0.053
0.053
0.053
0.053
0.053
0.053
0.053
0.053
0.053
0.053
0.053
0.053
0.053
0.053
0.053
0.053
0.053
0.053
0.237
0.237
0.237
0.404
0.404
0.404
0.578
0.578
0.578
0.578
0.578
0.578
0.578
0.578
0.394
0.394
0.394
0.394
0.394
0.394
0.394
0.394
0.394
0.394
0.394
0.227
0.053
0.053
0.053
0.053
0.053
0.053
0.053
0.053
0.053
0.053
0.053
0.053
0.053
0.053
0.053
0.053
0.053
0.053
0.053
0.053
0.053
0.053
0.053
0.053
0.053
0.053
0.053
0.053
0.053
0.053
0.053
0.053
0.053
0.053
0.053
0.053
0.053
0.053
0.053
0.053
0.053
0.053
0.053
0.053
0.053
0.053
0.053
0.237
0.237
0.237
0.237
0.237
0.237
0.237
0.237
0.237
0.237
0.237
0.237
0.237
0.237
0.053
0.053
0.053
0.053
0.053
0.053
0.394
0.394
0.394
0.394
0.394
0.394
0.394
0.394
0.394
0.394
0.394
0.394
0.394
0.394
0.394
0.394
0.394
0.394
0.394
0.394
0.22
0.22
0.053
0.053
0.053
0.053
0.053
0.053
0.053
0.053
0.053
0.053
0.053
0.053
0.053
0.053
0.053
0.053
0.053
0.053
0.053
0.053
0.053
0.053
0.053
0.053
0.053
0.053
0.053
0.053
0.053
0.053
0.053
0.053
0.053
0.053
0.053
0.053
0.053
0.053
0.053
0.053
0.053
0.053
0.053
0.237
0.237
0.237
0.237
0.237
0.237
0.237
0.411
0.411
0.411
0.411
0.411
0.578
0.578
0.394
0.394
0.394
0.394
0.394
0.394
0.394
0.394
0.394
0.394
0.394
0.394
0.394
0.22
0.22
0.22
0.22
0.22
0.22
0.22
0.053
0.053
0.053
0.053
0.053
0.053
0.053
0.053
0.053
0.053
0.053
0.053
0.053
0.065
0.053
0.432
0.42
0.515
0.515
0.148
0.148
0.148
0.148
0.148
0.148
0.148
0.148
0.188
0.488
0.488
0.61
0.61
0.61
0.638
0.843
0.843
0.773
0.773
0.568
0.568
0.568
0.233
0.233
0.233
0.288
0.288
0.288
0.288
0.288
0.472
0.639
0.639
0.699
0.699
0.639
0.639
0.639
0.619
0.619
0.619
0.619
0.619
0.559
0.375
0.375
0.742
0.742
0.742
0.742
0.375
0.375
0.435
0.268
0.268
0.268
0.268
0.473
0.268
0.328
0.268
0.328
0.328
0.533
0.328
0.268
0.268
0.268
0.268
0.348
0.36
0.36
0.585
0.585
0.747
0.747
0.687
0.647
0.647
0.731
0.731
0.731
0.731
0.731
0.731
0.731
0.731
0.731
0.731
0.861
0.861
0.861
0.227
0.227
0.053
0.053
0.053
0.053
0.22
0.22
0.22
0.22
0.404
0.404
0.404
0.404
0.404
0.404
0.404
0.404
0.404
0.404
0.404
0.404
0.404
0.404
0.22
0.22
0.22
0.22
0.053
0.053
0.053
0.053
0.053
0.053
0.053
0.053
0.053
0.053
0.053
0.053
0.247
0.247
0.247
0.247
0.247
0.247
0.247
0.247
0.247
0.247
0.247
0.247
0.247
0.247
2.1
2.14
2.14
0.247
0.247
0.247
0.259
0.259
0.259
0.259
0.299
0.299
0.636
0.636
0.656
0.656
0.716
0.776
0.716
0.656
2.699
2.699
2.699
2.699
2.699
2.639
2.579
2.579
2.579
2.639
2.639
2.639
2.639
2.555
2.555
2.575
2.575
2.575
2.595
2.695
2.675
0.692
0.692
0.866
0.866
0.866
0.866
0.756
0.816
0.816
0.816
0.983
1.107
1.087
1.087
1.087
1.087
1.087
1.087
1.087
1.122
1.087
1.087
0.973
0.973
1.008
0.789
0.789
0.789
0.789
0.789
0.789
0.789
0.746
0.746
0.746
0.766
0.686
0.686
0.726
0.766
0.766
0.786
0.786
0.786
0.826
0.826
0.786
0.786
0.826
0.826
0.826
0.826
0.806
0.806
0.806
0.806
0.806
0.682
0.682
0.682
0.682
0.642
0.642
0.879
0.879
0.702
0.702
0.702
0.702
0.702
0.702
0.702
0.702
0.737
0.737
0.737
0.914
0.914
0.737
0.737
0.737
0.921
0.881
0.881
0.881
0.881
0.881
0.881
0.881
1.058
1.058
0.881
0.921
0.921
0.981
0.797
0.797
0.964
1.138
1.138
1.138
1.248
1.425
1.425
1.743
1.743
1.877
1.884
1.884
3.816
3.816
3.816
3.781
3.781
3.781
3.781
3.781
3.721
3.547
3.38
3.38
3.42
3.42
3.45
3.41
3.41
3.41
3.41
3.37
3.37
3.37
3.37
3.37
3.37
3.37
3.37
3.37
3.37
3.37
3.37
3.37
3.37
3.41
3.41
3.445
5.436
5.436
5.436
5.436
5.396
5.396
5.58
5.58
5.58
5.58
5.58
5.58
5.58
5.58
5.58
5.58
5.58
5.58
5.58
5.37
2.552
2.719
2.719
2.719
0.22
0.22
0.22
0.22
0.22
0.22
0.22
0.22
0.22
0.22
0.22
0.22
0.22
0.22
0.22
0.394
0.394
0.394
0.394
0.227
0.227
0.227
0.227
0.227
0.227
0.227
0.227
0.227
0.227
0.227
0.227
0.227
0.227
0.227
0.227
0.053
0.053
0.053
0.053
0.053
0.053
0.053
0.053
0.053
0.053
0.053
0.053
0.053
0.053
0.053
0.053
0.053
0.053
0.053
0.053
0.053
0.053
0.053
0.053
0.053
0.053
0.053
0.053
0.053
0.053
0.053
0.237
0.237
0.237
0.237
0.237
0.404
0.404
0.404
0.404
0.404
0.404
0.404
0.404
0.404
0.22
0.22
0.22
0.394
0.394
0.394
0.394
0.394
0.394
0.394
0.394
0.394
0.394
0.227
0.227
0.227
0.227
0.227
0.227
0.227
0.227
0.227
0.227
0.053
0.053
0.053
0.053
0.053
0.053
0.053
0.053
0.053
0.053
0.053
0.053
0.053
0.053
0.053
0.053
0.053
0.053
0.053
0.053
0.053
0.053
0.053
0.053
0.053
0.053
0.053
0.053
0.053
0.053
0.053
0.053
0.053
0.053
0.053
0.053
0.053
0.237
0.237
0.237
0.578
0.578
0.578
0.578
0.578
0.578
0.578
0.578
0.578
0.578
0.578
0.394
0.394
0.394
0.394
0.394
0.394
0.394
0.394
0.394
0.22
0.22
0.053
0.224
0.224
0.224
0.429
0.429
0.429
0.224
0.224
0.224
0.224
0.224
0.441
0.441
0.441
0.236
0.217
0.257
0.257
0.332
0.332
0.351
0.351
0.391
0.391
0.391
0.391
0.391
0.391
0.451
0.451
0.511
0.481
0.481
0.481
0.481
0.481
0.481
0.511
0.411
0.411
0.411
0.411
0.411
0.411
0.451
0.618
0.618
0.618
0.618
0.638
0.638
0.822
0.822
0.996
1.036
1.096
1.096
1.156
1.116
1.076
1.056
1.016
1.076
1.096
1.096
0.892
0.932
0.765
0.725
0.705
0.665
0.665
0.665
0.491
0.491
0.491
1.65
1.65
1.615
1.615
1.615
1.615
1.615
1.615
1.675
1.675
1.675
1.675
1.675
1.675
1.675
1.675
1.675
1.668
1.668
1.708
1.708
1.708
1.608
1.508
1.508
1.508
1.508
1.508
1.508
1.508
0.289
0.289
0.349
0.329
0.239
0.239
0.239
0.239
0.239
0.279
0.279
0.279
0.484
0.444
0.406
0.406
0.506
0.506
0.566
0.566
0.606
0.606
0.646
0.646
0.646
0.646
0.646
0.646
0.606
0.606
0.606
0.606
0.606
0.906
0.966
0.966
0.799
0.973
1.157
1.157
1.157
1.157
1.157
1.157
1.157
1.157
1.157
1.117
1.117
1.117
1.117
1.117
0.933
0.933
0.933
0.933
3.3
3.126
3.126
3.126
3.126
3.156
3.156
3.266
3.266
3.266
3.326
3.326
3.326
3.326
3.326
3.326
3.266
3.306
3.306
3.306
3.306
3.306
3.354
3.354
3.354
3.354
3.394
1.027
1.027
1.151
1.151
1.151
1.151
1.151
1.211
1.211
1.211
1.211
1.211
1.251
1.251
1.251
1.618
1.618
1.618
1.558
1.291
1.251
1.151
1.211
1.211
1.271
1.48
1.48
1.647
1.607
2.766
2.766
2.766
2.766
2.706
2.746
2.706
2.666
2.666
2.626
2.81
2.81
2.81
2.81
2.81
2.81
2.608
2.608
2.548
2.548
2.369
2.369
2.339
2.205
2.021
2.266
2.226
2.021
2.021
2.061
0.902
0.942
1.042
1.049
1.049
1.049
1.049
1.049
0.989
1.001
1.001
1.001
1.001
1.146
1.046
1.086
1.441
1.441
1.441
3.294
2.927
2.927
1.074
1.174
1.174
1.174
1.174
1.186
1.216
1.116
1.116
1.104
1.104
1.104
1.104
1.104
1.104
1.104
1.064
1.104
1.164
1.164
1.164
1.41
1.205
1.165
1.225
1.225
1.265
1.422
1.362
3.345
3.285
3.285
3.325
3.385
3.285
3.285
3.285
3.285
3.469
3.469
3.569
3.395
3.395
3.562
3.49
3.49
3.45
3.45
3.45
3.245
1.262
3.115
2.931
2.931
2.924
2.984
2.984
1.138
1.178
1.178
1.178
1.178
1.178
1.19
1.19
1.023
1.228
1.228
1.228
1.228
1.023
1.023
1.023
0.983
1.023
1.023
1.248
0.743
0.743
1.08
1.04
1.04
1.04
0.673
0.673
0.673
0.673
0.673
0.673
0.713
0.713
0.713
0.713
0.713
0.603
0.603
0.603
0.603
0.663
0.663
0.793
0.793
0.713
0.887
0.887
0.887
0.887
0.777
0.737
0.737
0.737
0.677
0.717
0.894
0.894
0.717
0.717
0.717
0.717
0.717
0.851
0.851
1.095
0.921
0.921
0.861
1.038
1.038
0.861
0.861
0.854
0.854
0.854
0.842
0.842
0.842
0.658
0.658
0.658
0.775
0.775
0.598
0.598
0.638
0.835
0.835
0.835
0.895
0.855
0.855
0.855
0.855
1.032
1.399
1.922
1.882
1.882
1.555
1.555
3.487
3.487
3.487
3.487
3.597
3.577
3.577
3.41
3.584
3.624
3.624
3.604
3.509
3.509
3.509
3.509
3.509
3.509
3.509
3.509
3.509
3.509
3.509
3.509
3.509
3.509
3.509
3.544
3.43
3.43
3.43
3.43
3.43
3.43
3.857
3.822
3.822
3.822
3.415
3.415
3.415
2.552
2.552
2.552
2.552
2.552
2.552
2.552
2.552
2.552
2.552
2.736
2.736
2.736
2.903
2.903
2.903
2.903
2.903
2.903
0.404
