0.053
0.053
0.053
0.053
0.053
0.053
0.053
0.236
0.236
0.236
0.236
0.236
0.236
0.236
0.236
0.236
0.236
0.236
0.236
0.236
0.236
0.236
0.236
0.236
0.236
0.236
0.236
0.053
0.053
0.053
0.27
0.27
0.27
0.27
0.27
0.27
0.27
0.27
0.27
0.27
0.459
0.459
0.459
0.459
0.459
0.459
0.459
0.459
0.459
0.459
0.459
0.459
0.242
0.242
0.053
0.053
0.053
0.053
0.053
0.053
0.053
0.053
0.053
0.053
0.053
0.053
0.053
0.053
0.053
0.053
0.053
0.053
0.053
0.053
0.053
0.053
0.053
0.053
0.053
0.053
0.053
0.053
0.053
0.053
0.053
0.053
0.053
0.053
0.236
0.236
0.236
0.236
0.236
0.236
0.236
0.236
0.236
0.236
0.236
0.236
0.236
0.236
0.236
0.236
0.236
0.236
0.236
0.236
0.053
0.053
0.053
0.053
0.053
0.053
0.053
0.053
0.053
0.053
0.053
0.053
0.053
0.053
0.053
0.27
0.459
0.459
0.459
0.459
0.459
0.459
0.459
0.459
0.459
0.459
0.459
0.459
0.459
0.459
0.27
0.27
0.27
0.27
0.27
0.27
0.27
0.053
0.053
0.053
0.236
0.236
0.236
0.236
0.236
0.236
0.236
0.236
0.236
0.236
0.236
0.236
0.236
0.236
0.236
0.236
0.236
0.236
0.236
0.236
0.053
0.053
0.053
0.053
0.053
0.053
0.053
0.053
0.053
0.053
0.053
0.053
0.053
0.053
0.053
0.053
0.053
0.053
0.053
0.053
0.053
0.053
0.053
0.053
0.053
0.053
0.242
0.242
0.242
0.242
0.242
0.242
0.242
0.242
0.242
0.242
0.242
0.242
0.242
0.242
0.053
0.053
0.053
0.053
0.053
0.053
0.053
0.053
0.053
0.053
0.053
0.053
0.053
0.053
0.053
0.053
0.236
0.236
0.236
0.453
0.453
0.453
0.453
0.453
0.453
0.453
0.453
0.453
0.453
0.453
0.453
0.453
0.453
0.453
0.453
0.453
0.27
0.27
0.27
0.27
0.27
0.053
0.053
0.053
0.053
0.053
0.053
0.053
0.053
0.053
0.053
0.053
0.053
0.053
0.053
0.053
0.053
0.242
0.242
0.242
0.242
0.242
0.242
0.242
0.242
0.242
0.242
0.242
0.242
0.242
0.242
0.053
0.053
0.053
0.053
0.053
0.053
0.053
0.053
0.053
0.053
0.053
0.053
0.053
0.053
0.053
0.053
0.053
0.053
0.053
0.053
0.053
0.053
0.053
0.053
0.053
0.053
0.053
0.053
0.053
0.053
0.053
0.053
0.053
0.053
0.053
0.053
0.053
0.053
0.053
0.053
0.053
0.053
0.053
0.053
0.053
0.053
0.053
0.27
0.27
0.453
0.453
0.453
0.453
0.453
0.453
0.453
0.453
0.453
0.453
0.453
0.453
0.453
0.453
0.453
0.453
0.453
0.453
0.453
0.453
0.053
0.053
0.053
0.053
0.053
0.053
0.053
0.053
0.053
0.053
0.053
0.053
0.073
0.073
0.113
0.093
0.053
0.053
0.053
0.053
0.053
0.053
0.053
0.053
0.053
0.053
0.053
0.053
0.053
0.053
0.053
0.053
0.053
0.053
0.073
0.073
0.073
0.073
0.073
0.073
0.173
0.173
0.173
0.173
0.173
0.073
0.073
0.073
0.073
0.073
0.073
0.073
0.153
0.193
0.193
0.193
0.193
0.233
0.233
0.233
0.233
0.422
0.422
0.422
0.422
0.322
0.322
0.322
0.322
0.322
0.322
0.322
0.322
0.322
0.322
0.153
2.155
2.135
2.135
0.233
0.233
0.233
0.416
0.416
0.416
0.416
0.416
0.416
0.633
0.633
0.633
0.633
0.633
0.633
0.633
0.633
0.633
0.613
0.613
0.573
0.573
0.573
0.425
0.465
0.62
0.585
0.625
0.625
0.625
0.62
0.403
0.403
0.403
0.403
0.423
0.463
0.463
0.463
0.463
0.523
0.572
0.632
0.632
0.572
2.832
2.792
2.792
2.792
2.792
2.792
2.712
2.712
0.053
0.053
0.053
0.053
0.053
0.053
0.053
0.053
0.053
0.053
0.053
0.053
0.053
0.053
0.053
0.242
0.242
0.242
0.242
0.242
0.242
0.242
0.242
0.459
0.459
0.459
0.459
0.459
0.459
0.27
0.27
0.27
0.27
0.27
0.27
0.27
0.27
0.27
0.27
0.27
0.27
0.27
0.27
0.27
0.27
0.053
0.053
0.053
0.053
0.053
0.053
0.053
0.053
0.053
0.053
0.053
0.053
0.053
0.053
0.053
0.053
0.053
0.236
0.236
0.236
0.236
0.236
0.236
0.236
0.236
0.236
0.236
0.236
0.236
0.236
0.236
0.236
0.236
0.236
0.236
0.236
0.236
0.053
0.053
0.053
0.053
0.053
0.053
0.053
0.053
0.053
0.053
0.053
0.053
0.053
0.053
0.053
0.053
0.053
0.053
0.053
0.053
0.053
0.053
0.053
0.053
0.053
0.053
0.053
0.053
0.053
0.053
0.27
0.27
0.27
0.27
0.27
0.27
0.27
0.27
2.694
2.834
2.834
2.834
2.834
2.834
2.854
2.794
2.794
2.794
2.794
2.794
2.794
2.834
2.806
2.806
2.806
2.806
2.806
0.506
0.506
0.506
0.506
0.506
0.506
0.506
0.506
0.506
0.317
0.317
0.5
0.5
0.5
0.5
0.6
0.6
0.6
0.62
0.62
0.62
0.62
0.62
0.62
0.62
0.62
0.62
0.62
0.62
0.62
0.6
0.417
0.417
0.417
0.417
0.417
0.417
0.417
0.417
0.417
0.417
0.417
0.408
0.408
0.408
0.408
0.408
0.408
0.508
0.448
0.448
0.448
0.448
0.448
0.448
0.468
0.503
0.483
0.8
0.8
0.8
0.8
0.74
0.74
0.8
0.8
0.74
0.929
0.929
0.929
0.929
0.929
0.929
1.009
1.009
1.009
0.909
0.909
0.909
1.152
0.875
0.666
0.666
0.626
0.626
0.626
0.626
0.626
0.686
0.666
0.697
0.657
0.657
0.657
0.597
0.597
0.597
0.597
0.597
0.414
0.414
0.454
0.474
0.574
0.534
0.534
0.534
0.534
0.853
0.853
0.853
0.853
0.534
0.534
0.514
0.514
0.514
0.514
0.554
0.554
0.554
0.574
0.574
0.574
0.853
1.05
1.05
1.05
0.731
0.731
1.05
1.062
1.062
1.062
0.743
0.743
0.743
0.743
0.743
0.743
0.743
0.86
0.86
2.136
2.136
2.136
2.136
1.802
1.802
1.862
1.862
1.822
1.822
1.762
1.951
1.891
2.074
2.074
2.074
2.054
2.054
2.054
2.109
2.087
2.012
2.012
2.012
2.052
1.863
1.883
1.883
1.843
1.955
0.679
0.639
0.639
0.456
0.456
0.456
0.456
2.459
2.459
2.439
2.339
2.339
2.339
2.339
2.339
2.339
2.339
2.339
2.339
2.339
2.339
2.399
2.399
2.399
2.399
2.399
2.399
2.616
0.633
0.633
0.653
0.713
0.713
0.673
0.653
0.653
0.653
0.593
0.593
0.558
0.558
0.558
0.558
0.558
0.558
0.558
0.558
0.698
0.698
0.481
0.481
0.481
0.481
0.481
0.481
0.461
0.461
0.361
0.361
0.361
0.361
0.361
0.381
0.352
0.352
0.352
0.352
0.352
0.392
0.392
0.392
0.432
0.432
0.412
0.412
0.601
0.601
0.701
0.701
0.818
0.846
0.846
0.865
0.865
0.865
0.865
0.865
0.865
0.748
0.548
0.548
0.696
0.796
0.619
0.619
0.619
0.619
0.836
0.936
0.936
0.753
0.753
0.753
0.753
0.93
0.83
0.653
0.653
0.653
0.653
0.653
0.653
0.653
0.653
0.653
0.653
0.653
0.865
0.825
0.431
0.456
0.573
0.396
0.456
0.456
0.456
0.456
0.476
0.436
0.436
0.725
0.685
1.003
1.003
0.983
1.023
1.023
2.955
2.955
2.955
3.055
3.055
3.187
3.187
3.247
3.247
3.207
3.147
3.127
3.127
2.95
2.95
2.959
2.959
2.959
2.948
3.003
2.983
2.983
3.072
3.072
3.072
3.132
3.132
3.132
3.132
3.132
3.315
3.255
3.235
3.452
3.469
3.409
3.22
3.22
3.24
3.24
3.128
3.128
3.128
3.128
3.128
3.108
3.197
3.197
3.197
3.197
3.014
3.014
3.014
3.014
3.034
2.917
2.897
2.897
2.897
2.897
0.398
0.398
0.438
0.438
0.438
0.458
0.55
0.55
0.55
0.55
0.478
0.378
0.378
0.378
0.438
0.378
0.478
0.478
0.478
0.478
0.498
0.498
0.498
0.498
0.498
0.498
0.498
0.498
0.489
0.489
0.489
0.509
0.509
0.509
0.509
0.549
0.549
0.726
0.726
0.766
0.766
0.726
0.726
0.726
0.726
0.726
0.726
0.915
0.915
0.975
1.152
1.152
0.975
1.075
1.158
1.158
1.158
1.158
1.118
1.118
1.118
0.712
0.712
0.889
0.949
0.772
0.712
0.712
0.712
0.712
0.712
0.712
0.712
0.712
0.529
0.529
0.706
0.746
0.975
0.875
0.875
0.875
0.875
0.268
0.268
0.248
0.248
0.248
0.248
0.248
0.248
0.188
0.188
0.188
0.188
0.188
0.188
0.188
0.188
0.188
0.188
0.208
0.208
0.208
0.168
0.168
0.168
0.168
0.168
0.168
0.168
0.168
0.168
0.168
0.168
0.385
0.385
0.385
0.385
0.385
0.385
0.385
0.574
0.574
0.574
0.757
0.757
0.737
0.797
0.797
0.797
0.897
0.837
0.837
0.837
0.837
0.648
0.431
0.431
0.431
0.431
0.431
0.431
0.431
0.491
0.308
0.348
0.348
0.348
0.348
0.348
0.348
0.348
0.348
0.348
0.348
0.188
0.188
0.288
0.297
0.297
0.297
0.297
0.297
0.297
0.297
0.297
0.297
0.297
0.337
0.297
0.297
0.297
0.297
0.197
0.197
0.197
0.197
0.197
0.197
0.197
0.197
0.197
0.197
0.197
0.197
0.197
0.197
0.197
0.197
0.197
0.394
0.354
0.354
0.543
0.543
0.698
0.698
0.81
0.81
0.81
0.81
0.81
0.81
0.81
0.81
0.81
0.81
0.621
2.623
2.623
2.623
0.621
0.404
0.587
0.587
0.587
0.587
0.552
0.652
0.652
0.652
2.654
2.674
2.674
0.672
0.672
0.672
0.672
0.672
0.672
0.672
0.703
0.703
0.52
0.48
0.657
0.52
0.52
0.52
0.551
0.551
0.551
0.551
0.551
0.551
0.551
0.551
0.551
0.551
0.559
0.459
0.479
0.479
0.479
0.479
0.479
0.479
0.696
0.636
0.636
0.762
0.762
0.762
0.762
0.782
0.742
0.742
0.742
0.742
0.966
0.986
0.986
0.986
0.986
0.986
0.966
1.006
0.966
0.966
0.749
0.749
0.789
0.789
0.58
0.58
0.58
0.58
0.463
0.463
0.463
0.428
0.428
0.428
0.428
0.428
0.448
0.537
0.517
0.517
0.517
0.557
0.74
0.74
0.74
0.74
0.8
0.8
0.76
0.775
0.74
0.74
0.74
0.709
0.7
0.7
0.7
0.7
1.019
1.019
1.019
1.019
0.517
0.517
0.517
0.557
0.557
0.557
0.557
0.497
0.497
0.497
0.714
0.714
0.725
0.725
0.725
0.837
0.748
0.748
0.768
0.768
0.768
0.768
0.768
0.768
0.903
0.903
0.912
0.912
0.952
0.912
0.912
0.812
0.784
0.784
0.893
0.893
0.893
0.858
0.858
0.858
2.86
2.86
2.86
0.858
0.858
0.858
0.669
0.669
0.669
0.669
0.669
0.669
0.669
0.669
0.649
0.649
0.649
0.649
0.649
0.649
0.649
0.649
0.649
0.649
0.649
0.618
0.618
0.618
0.618
0.618
0.618
0.618
0.618
0.861
1.18
1.18
1.12
1.12
0.801
1.018
0.906
0.906
0.906
0.906
1.225
1.225
1.337
1.368
1.049
1.049
1.049
1.166
1.166
0.983
0.983
0.983
0.983
0.866
0.866
0.857
0.857
0.64
0.829
0.829
0.829
0.829
0.829
0.829
0.829
0.829
0.946
0.946
0.946
0.946
0.946
0.946
0.757
0.757
0.757
0.657
0.657
0.657
0.657
0.657
0.657
0.657
0.657
0.657
0.657
