0.052
0.052
0.052
0.052
0.052
0.052
0.052
0.052
0.052
0.052
0.243
0.243
0.243
0.243
0.243
0.243
0.243
0.243
0.243
0.243
0.243
0.243
0.243
0.243
0.052
0.052
0.052
0.052
0.052
0.052
0.052
0.052
0.052
0.052
0.052
0.052
0.052
0.052
0.052
0.052
0.052
0.052
0.052
0.052
0.052
0.052
0.052
0.052
0.052
0.052
0.052
0.052
0.052
0.052
0.052
0.052
0.052
0.052
0.052
0.052
0.052
0.052
0.052
0.052
0.052
0.052
0.052
0.052
0.052
0.227
0.227
0.227
0.336
0.336
0.336
0.336
0.336
0.336
0.336
0.336
0.336
0.336
0.336
0.336
0.336
0.527
0.527
0.527
0.527
0.352
0.243
0.243
0.243
0.243
0.243
0.243
0.243
0.243
0.243
0.052
0.052
0.052
0.052
0.052
0.052
0.052
0.052
0.052
0.052
0.052
0.052
0.052
0.052
0.052
0.052
0.052
0.052
0.052
0.052
0.052
0.052
0.052
0.052
0.052
0.052
0.052
0.052
0.052
0.052
0.052
0.052
0.052
0.052
0.052
0.052
0.052
0.052
0.052
0.052
0.052
0.052
0.052
0.052
0.052
0.052
0.227
0.227
0.227
0.227
0.227
0.227
0.227
0.227
0.227
0.227
0.227
0.227
0.227
0.227
0.227
0.227
0.227
0.227
0.227
0.227
0.052
0.052
0.052
0.052
0.052
0.052
0.243
0.243
0.243
0.243
0.243
0.243
0.243
0.243
0.243
0.352
0.352
0.352
0.352
0.352
0.161
0.161
0.161
0.161
0.161
0.161
0.161
0.161
0.161
0.161
0.161
0.161
0.161
0.052
0.052
0.052
0.052
0.052
0.052
0.052
0.052
0.052
0.052
0.052
0.052
0.052
0.052
0.052
0.052
0.052
0.052
0.052
0.052
0.052
0.052
0.052
0.052
0.052
0.052
0.052
0.052
0.052
0.052
0.052
0.052
0.052
0.052
0.052
0.227
0.227
0.227
0.227
0.227
0.227
0.227
0.227
0.227
0.227
0.418
0.418
0.418
0.418
0.418
0.418
0.418
0.418
0.418
0.418
0.243
0.243
0.243
0.243
0.052
0.052
0.052
0.052
0.052
0.052
0.052
0.052
0.052
0.052
0.052
0.052
0.052
0.052
0.052
0.052
0.052
0.052
0.052
0.052
0.052
0.052
0.052
0.052
0.052
0.052
0.052
0.052
0.052
0.052
0.052
0.052
0.052
0.052
0.052
0.052
0.052
0.052
0.052
0.052
0.052
0.052
0.052
0.052
0.052
0.052
0.052
0.052
0.227
0.227
0.227
0.227
0.227
0.227
0.227
0.227
0.336
0.336
0.336
0.336
0.336
0.336
0.336
0.336
0.336
0.336
0.336
0.336
0.161
0.161
0.161
0.161
0.161
0.161
0.243
0.243
0.243
0.243
0.243
0.243
0.243
0.243
0.243
0.243
0.243
0.243
0.243
0.243
0.052
0.052
0.052
0.052
0.052
0.052
0.052
0.052
0.052
0.052
0.052
0.052
0.052
0.052
0.052
0.112
0.112
0.112
0.112
0.112
0.112
0.112
0.112
0.112
0.112
0.112
0.112
0.112
0.123
0.123
0.123
0.123
0.123
0.123
0.123
0.123
0.123
0.123
0.123
0.123
0.123
0.123
0.123
0.123
0.123
0.123
0.123
0.123
0.123
0.123
0.123
0.123
0.123
0.123
0.123
0.123
0.123
0.232
0.232
0.232
0.232
0.232
0.232
0.232
0.423
0.423
0.423
0.423
0.423
0.423
0.423
0.423
0.423
0.423
0.423
0.374
0.374
0.374
0.183
0.183
0.183
0.183
0.183
0.183
0.183
0.183
0.183
0.183
0.172
0.172
0.172
0.172
0.172
0.172
0.172
0.172
0.172
0.172
0.172
0.172
0.172
0.172
0.172
0.172
0.172
0.172
0.172
0.347
0.347
0.347
0.347
0.347
0.347
0.347
0.347
0.347
0.347
0.347
0.347
0.347
0.347
0.347
0.347
0.347
0.347
0.347
0.347
0.112
0.112
0.112
0.112
0.112
0.112
0.052
0.243
0.243
0.243
0.243
0.243
0.243
0.243
0.243
0.243
0.243
0.243
0.243
0.243
0.243
0.052
0.052
0.052
0.161
0.161
0.161
0.161
0.161
0.161
0.161
0.161
0.161
0.161
0.161
0.161
0.161
0.161
0.161
0.161
0.161
0.161
0.052
0.052
0.052
0.052
0.052
0.052
0.052
0.052
0.052
0.052
0.052
0.052
0.052
0.052
0.052
0.227
0.227
0.227
0.227
0.227
0.227
2.375
2.388
2.388
2.388
2.388
2.388
2.388
2.529
2.529
2.529
2.529
2.529
2.529
2.529
2.354
2.354
2.354
2.354
2.454
2.454
0.457
0.457
0.457
0.648
0.648
0.648
0.648
0.757
0.757
0.757
0.757
0.757
0.757
0.757
0.757
0.757
0.757
0.466
0.466
0.466
0.466
0.466
0.477
0.477
0.477
0.368
0.368
0.368
0.368
0.368
0.368
0.368
0.328
0.328
0.328
0.328
0.328
0.328
0.328
0.328
0.328
0.328
0.328
0.328
0.328
0.328
0.328
0.328
0.328
0.328
0.328
0.328
0.328
0.328
0.315
0.315
0.355
0.355
0.355
0.53
0.53
0.53
0.53
0.53
0.53
0.53
0.53
0.53
0.53
0.53
0.53
0.53
0.53
0.721
0.721
0.721
0.721
0.721
0.721
0.546
0.546
0.546
0.535
0.495
0.495
0.495
0.495
0.304
0.304
0.304
0.304
0.304
0.304
0.304
0.304
0.304
0.304
0.304
0.304
0.304
0.304
0.304
0.304
0.304
0.304
0.052
0.052
0.052
0.052
0.052
0.052
0.052
0.052
0.052
0.052
0.052
0.052
0.052
0.161
0.161
0.161
0.161
0.161
0.161
0.161
0.161
0.161
0.161
0.161
0.161
0.161
0.161
0.161
0.161
0.161
0.161
0.052
0.052
0.052
0.052
0.052
0.052
0.052
0.052
0.052
0.052
0.052
0.052
0.052
0.052
0.052
0.052
0.243
0.243
0.243
0.243
0.243
0.243
0.243
0.243
0.243
0.243
0.243
0.243
0.243
0.243
0.052
0.052
0.052
0.052
0.052
0.052
0.052
0.052
0.052
0.052
0.052
0.052
0.052
0.052
0.052
0.052
0.052
0.052
0.052
0.052
0.052
0.052
0.052
0.052
0.052
0.052
0.052
0.052
0.052
0.052
0.052
0.161
0.161
0.161
0.161
0.161
0.161
0.161
0.161
0.161
0.161
0.161
0.161
0.161
0.161
0.161
0.161
0.161
0.161
0.052
0.052
0.052
0.052
0.227
0.227
0.227
0.227
0.227
0.418
0.418
0.418
0.418
0.418
0.418
0.418
0.418
0.418
0.418
0.418
0.418
0.418
0.418
0.227
0.052
0.052
0.052
0.052
0.052
0.052
0.052
0.052
0.052
0.052
0.052
0.052
0.052
0.052
0.052
0.052
0.052
0.052
0.052
0.052
0.052
0.052
0.052
0.052
0.052
0.052
0.052
0.052
0.052
0.052
0.052
0.052
0.052
0.052
0.052
0.052
0.052
0.052
0.052
0.052
0.052
0.052
0.052
0.052
0.161
0.161
0.161
0.161
0.161
0.161
0.161
0.161
0.161
0.161
0.161
0.161
0.161
0.161
0.161
0.161
0.161
0.161
0.052
0.052
0.052
0.052
0.052
0.052
0.052
0.052
0.052
0.052
0.052
0.052
0.052
0.052
0.052
0.052
0.243
0.243
0.243
0.243
0.243
0.243
0.243
0.243
0.243
0.243
0.243
0.243
0.243
0.243
0.052
0.052
0.052
0.227
0.227
0.227
0.227
0.227
0.227
0.227
0.227
0.227
0.227
0.227
0.227
0.227
0.227
0.336
0.336
0.336
0.336
0.336
0.336
0.161
0.161
0.161
0.161
0.161
0.161
0.161
0.161
0.161
0.161
0.161
0.161
0.052
0.052
0.052
0.052
0.052
0.052
0.052
0.052
0.052
0.304
0.304
0.304
0.304
0.304
0.304
0.304
0.304
0.304
0.402
0.402
0.402
0.402
0.402
0.402
0.402
0.402
0.402
0.402
0.402
0.402
0.402
0.402
0.402
0.402
0.402
0.402
0.402
0.402
0.402
0.402
0.402
0.402
0.291
0.4
0.4
0.4
0.4
0.4
0.4
0.4
0.4
0.4
0.4
0.4
0.4
0.4
0.4
0.4
0.4
0.4
0.4
0.291
0.291
0.302
0.302
0.302
0.302
0.302
0.302
0.302
0.362
0.362
0.302
0.302
0.302
0.302
0.302
0.477
0.379
0.379
0.379
0.379
0.379
0.379
0.379
0.379
0.479
0.379
0.379
0.439
0.379
0.379
0.379
0.379
0.379
0.379
0.53
0.546
0.655
0.655
0.655
0.655
0.655
0.655
0.655
0.655
0.655
0.655
0.655
0.655
0.655
0.464
0.464
0.464
0.464
0.464
0.355
0.355
0.355
0.355
0.355
0.355
0.355
0.344
0.344
0.344
0.344
0.344
0.344
0.344
0.344
0.344
0.344
0.344
0.344
0.344
2.084
2.084
2.084
2.084
2.084
2.084
2.084
2.084
2.084
2.084
2.084
2.084
2.084
2.084
2.084
2.084
2.084
2.084
2.084
2.084
2.084
2.114
2.114
2.114
2.114
2.289
2.289
0.66
0.66
0.66
0.66
0.66
0.66
0.66
0.66
0.66
0.673
0.673
0.673
0.673
0.673
0.673
0.673
0.673
0.673
0.498
0.498
0.607
0.607
0.607
0.607
0.607
0.607
0.607
0.607
0.466
0.466
0.466
0.466
0.466
0.466
0.466
0.657
0.657
0.657
0.548
0.548
0.548
0.548
0.548
0.548
0.548
0.548
0.548
0.548
0.548
0.357
0.357
0.357
0.206
0.206
0.206
0.206
0.206
0.206
0.357
0.357
0.357
0.357
0.357
0.357
0.357
0.357
0.357
0.327
0.327
0.327
0.327
0.327
0.327
0.327
0.327
0.436
0.436
0.436
0.436
0.436
0.436
0.436
0.423
0.423
0.423
0.423
0.423
0.423
0.423
0.423
0.423
0.423
0.483
0.374
0.314
0.314
0.344
0.559
0.559
0.559
0.559
0.559
0.559
0.559
0.559
0.559
0.559
0.559
0.559
0.559
0.559
0.559
0.559
0.559
0.559
0.559
0.559
0.384
0.384
0.384
0.384
0.384
0.384
0.635
0.635
0.635
0.695
0.655
0.655
0.655
0.815
0.755
0.864
0.864
0.964
0.964
0.964
0.773
0.773
0.773
0.786
0.786
0.786
0.786
0.886
0.786
0.786
0.786
0.786
0.726
0.528
0.528
0.528
0.528
0.528
0.528
0.528
0.703
0.703
0.703
0.703
0.738
0.738
0.738
0.638
0.638
0.678
0.678
0.678
0.648
0.648
0.688
0.7
0.7
0.7
0.7
0.77
0.525
0.525
0.625
0.625
0.685
0.685
0.625
0.625
0.625
0.625
0.613
0.613
0.613
0.613
0.613
0.613
0.613
0.613
0.613
0.613
0.653
0.553
0.553
0.518
0.518
0.518
0.518
0.518
0.518
0.518
0.518
0.518
0.649
0.638
0.527
0.527
0.514
0.514
0.514
0.527
0.636
0.636
0.636
0.636
0.636
0.696
0.565
0.74
0.68
0.68
0.68
0.71
0.78
1.079
1.079
1.079
1.239
0.95
0.841
0.841
0.841
0.841
0.801
0.801
0.801
0.801
0.901
0.826
0.726
0.726
0.786
0.786
0.886
0.886
0.886
0.886
0.846
0.846
0.846
0.846
0.846
0.846
0.846
0.846
0.846
0.846
0.906
0.906
0.906
0.906
0.906
0.906
0.906
0.906
0.906
0.906
0.846
0.846
0.846
0.846
0.846
0.906
0.906
0.906
0.846
0.846
0.846
0.746
0.746
0.227
0.227
0.227
0.227
0.227
0.227
0.227
0.227
0.227
0.227
0.227
0.227
0.227
0.227
0.227
0.227
0.227
0.227
0.227
0.227
0.052
0.052
0.052
0.052
0.161
0.161
0.161
0.161
0.161
0.161
0.161
0.161
0.161
0.161
0.161
0.161
0.352
0.352
0.352
0.352
0.352
0.352
0.243
0.243
0.243
0.243
0.243
0.243
0.243
0.243
0.246
0.246
0.246
0.233
0.233
0.233
0.233
0.233
0.233
0.233
0.233
0.233
0.233
0.293
0.293
0.263
0.263
0.263
0.263
0.263
