0.053
0.053
0.053
0.053
0.053
0.053
0.053
0.236
0.236
0.236
0.236
0.236
0.236
0.236
0.236
0.236
0.236
0.236
0.236
0.236
0.236
0.236
0.236
0.236
0.236
0.236
0.236
0.053
0.053
0.053
0.053
0.053
0.053
0.053
0.053
0.053
0.053
0.053
0.053
0.053
0.053
0.053
0.053
0.053
0.053
0.053
0.053
0.053
0.053
0.25
0.25
0.25
0.25
0.25
0.25
0.25
0.25
0.25
0.25
0.25
0.25
0.25
0.25
0.25
0.25
0.25
0.25
0.25
0.25
0.25
0.25
0.053
0.053
0.053
0.053
0.053
0.053
0.053
0.053
0.053
0.053
0.053
0.053
0.053
0.053
0.053
0.053
0.267
0.267
0.267
0.267
0.267
0.267
0.267
0.267
0.267
0.45
0.45
0.45
0.45
0.45
0.236
0.236
0.236
0.236
0.236
0.236
0.236
0.236
0.236
0.236
0.236
0.236
0.236
0.236
0.236
0.053
0.053
0.053
0.053
0.053
0.25
0.25
0.25
0.25
0.25
0.25
0.25
0.25
0.25
0.25
0.25
0.25
0.25
0.25
0.25
0.25
0.25
0.25
0.25
0.25
0.25
0.25
0.053
0.053
0.053
0.053
0.053
0.053
0.053
0.053
0.053
0.053
0.053
0.053
0.053
0.053
0.053
0.053
0.053
0.267
0.45
0.45
0.45
0.45
0.45
0.45
0.45
0.45
0.45
0.45
0.45
0.45
0.45
0.236
0.236
0.236
0.236
0.236
0.236
0.236
0.053
0.053
0.053
0.053
0.053
0.053
0.053
0.053
0.053
0.053
0.053
0.053
0.053
0.25
0.25
0.25
0.25
0.25
0.25
0.25
0.25
0.25
0.25
0.25
0.25
0.25
0.25
0.25
0.25
0.25
0.25
0.25
0.25
0.25
0.25
0.053
0.053
0.053
0.053
0.053
0.236
0.236
0.236
0.236
0.236
0.236
0.236
0.236
0.236
0.336
0.276
0.236
0.276
0.276
0.276
0.316
0.316
0.276
0.276
0.236
0.053
0.053
0.053
0.053
0.053
0.053
0.267
0.267
0.267
0.267
0.267
0.267
0.267
0.267
0.267
0.267
0.267
0.267
0.267
0.267
0.053
0.053
0.053
0.053
0.053
0.053
0.053
0.053
0.053
0.053
0.053
0.053
0.25
0.25
0.25
0.25
0.25
0.25
0.25
0.25
0.25
0.25
0.25
0.25
0.25
0.25
0.25
0.25
0.25
0.25
0.25
0.25
0.25
0.25
0.053
0.053
0.053
0.053
0.053
0.053
0.053
0.053
0.053
0.053
0.053
0.053
0.053
0.053
0.053
0.053
0.053
0.053
0.053
0.053
0.053
0.053
0.053
0.053
0.053
0.053
0.053
0.053
0.053
0.053
0.053
0.053
0.053
0.053
0.053
0.053
0.053
0.053
0.053
0.053
0.053
0.053
0.267
0.267
0.267
0.267
0.267
0.267
0.267
0.267
0.267
0.267
0.267
0.267
0.267
0.267
0.053
0.25
0.25
0.25
0.25
0.25
0.25
0.25
0.25
0.25
0.25
0.25
0.25
0.433
0.433
0.433
0.433
0.433
0.433
0.433
0.433
0.433
0.433
0.236
0.236
0.236
0.236
0.236
0.236
0.236
0.236
0.236
0.236
0.053
0.053
0.053
0.053
0.053
0.053
0.053
0.053
0.053
0.053
0.053
0.053
0.053
0.103
0.103
0.053
0.113
0.113
0.113
0.113
0.113
0.113
0.113
0.113
0.113
0.153
0.153
0.153
0.153
0.153
0.153
0.113
0.113
0.113
0.113
0.133
0.133
0.133
0.347
0.347
0.347
0.307
0.307
0.307
0.307
0.307
0.427
0.427
0.427
0.427
0.427
0.427
0.213
0.133
0.173
0.173
0.133
0.316
0.316
0.316
0.357
0.357
0.357
0.357
0.337
0.337
0.337
0.337
0.337
0.337
0.377
0.377
0.377
0.337
0.337
0.337
0.337
0.174
0.254
0.254
0.194
1.708
1.758
1.758
0.224
0.264
0.264
0.284
0.481
0.481
0.481
0.481
0.481
0.481
0.38
0.38
0.38
0.38
0.38
0.38
0.38
0.38
1.542
1.522
1.522
0.36
0.4
0.4
0.44
0.44
0.243
0.263
0.263
0.203
0.203
0.203
0.203
0.203
0.203
0.417
0.417
0.6
0.55
0.51
0.51
0.51
2.044
2.044
2.044
0.519
0.519
0.519
0.519
0.305
0.305
0.305
0.305
0.305
0.305
0.305
0.365
0.182
0.082
0.082
0.142
0.142
0.142
0.142
0.142
0.142
0.142
0.142
0.142
0.133
0.133
0.133
0.053
0.053
0.053
0.053
0.053
0.053
0.053
0.053
0.053
0.053
0.053
0.053
0.053
0.25
0.25
0.25
0.25
0.25
0.25
0.25
0.25
0.25
0.25
0.25
0.25
0.25
0.25
0.25
0.25
0.25
0.25
0.25
0.25
0.25
0.25
0.053
0.053
0.053
0.053
0.053
0.053
0.053
0.053
0.053
0.053
0.053
0.053
0.053
0.053
0.053
0.053
0.053
0.053
0.053
0.053
0.053
0.053
0.053
0.053
0.053
0.053
0.053
0.053
0.053
0.053
0.053
0.053
0.053
0.053
0.053
0.053
0.053
0.267
0.267
0.267
0.267
0.267
0.267
0.267
0.267
0.267
0.267
0.267
0.267
0.267
0.307
0.093
0.093
0.153
0.113
0.113
0.113
0.411
0.411
0.411
0.446
0.446
0.446
0.386
0.386
0.386
0.386
0.386
0.386
0.386
0.386
0.446
0.446
0.446
0.446
0.446
0.486
0.446
0.446
0.249
0.249
0.249
0.249
0.249
0.432
0.432
0.502
0.542
0.472
0.472
0.472
0.472
0.472
0.472
0.472
0.472
0.472
0.472
0.472
0.371
0.371
0.371
0.311
0.311
0.128
0.128
0.148
0.148
0.487
0.487
0.487
0.487
0.108
0.108
0.108
0.108
0.221
0.226
0.44
0.4
0.4
0.4
0.48
0.48
0.44
0.44
0.44
0.44
0.44
0.5
0.677
0.677
0.463
0.463
0.463
0.463
0.463
0.463
0.523
0.902
0.902
0.922
0.862
0.483
0.543
0.543
0.543
0.543
0.543
0.559
0.559
0.559
0.362
0.428
0.408
0.373
0.373
0.373
0.373
0.373
0.393
0.393
0.393
0.393
0.393
0.393
0.393
0.393
0.443
0.443
0.393
0.393
0.393
0.393
0.393
0.393
0.393
0.393
0.393
0.393
0.393
0.393
0.393
0.393
0.393
0.053
0.053
0.053
0.053
0.053
0.053
0.053
0.053
0.053
0.053
0.053
0.053
0.053
0.053
0.053
0.053
0.053
0.053
0.053
0.053
0.053
0.053
0.053
0.053
0.267
0.267
0.464
0.464
0.464
0.464
0.464
0.647
0.647
0.647
0.647
0.647
0.647
0.647
0.433
0.433
0.433
0.433
0.433
0.433
0.433
0.433
0.433
0.433
0.236
0.236
0.236
0.053
0.053
0.053
0.053
0.053
0.053
0.053
0.053
0.053
0.053
0.053
0.053
0.053
0.053
0.053
0.053
0.053
0.053
0.053
0.053
0.053
0.053
0.053
0.053
0.053
0.053
0.053
0.053
0.053
0.053
0.053
0.053
0.053
0.053
0.053
0.053
0.053
0.053
0.053
0.053
0.053
0.053
0.053
0.433
0.433
0.647
0.647
0.647
0.647
0.647
0.647
0.647
0.647
0.647
0.647
0.647
0.647
0.647
0.647
0.633
0.593
0.593
0.593
0.41
0.45
0.253
0.253
0.273
0.233
0.233
0.233
0.233
0.233
0.253
0.253
0.253
0.253
0.253
0.354
0.253
0.253
0.233
0.233
0.233
0.233
0.273
0.233
0.233
0.233
0.233
0.233
0.692
0.692
0.692
0.692
0.313
0.297
0.257
0.257
0.317
0.286
0.336
0.336
1.498
1.498
1.498
0.336
0.336
0.336
0.336
0.336
0.266
0.266
0.153
0.153
0.153
0.153
0.113
0.113
0.113
1.647
1.663
1.663
0.129
0.189
0.259
0.456
0.456
0.456
0.67
0.67
0.67
0.67
0.67
0.67
0.63
0.63
0.63
0.63
0.63
0.63
0.63
0.63
0.416
0.416
0.416
0.416
0.356
0.089
0.089
0.089
0.089
0.089
0.129
0.089
0.089
0.129
0.199
0.199
0.199
0.199
0.199
0.129
0.129
0.129
0.129
0.129
0.129
0.199
0.129
0.169
0.169
0.169
0.169
0.352
0.352
0.352
0.352
0.465
0.465
0.525
0.535
0.535
0.535
0.485
0.485
0.485
0.485
0.485
0.525
0.565
0.565
0.565
0.762
0.483
0.483
0.483
0.503
0.503
0.503
0.503
0.543
0.503
0.503
0.503
0.503
0.503
0.503
0.503
0.503
0.503
0.503
0.503
0.503
0.503
0.322
0.322
0.363
0.363
0.363
0.463
0.383
0.383
0.383
0.383
0.383
0.383
0.383
0.383
0.597
0.597
0.597
0.657
0.657
0.657
0.657
0.657
0.657
0.697
0.737
0.737
0.737
0.737
0.523
0.523
0.523
0.483
0.483
0.483
0.483
0.463
0.463
0.423
0.423
0.666
0.666
0.626
0.626
0.606
0.803
0.803
0.803
0.803
0.803
0.803
0.803
0.913
0.913
0.913
0.843
0.843
0.843
0.843
0.843
0.66
0.66
0.66
0.547
0.547
0.547
0.547
0.35
0.37
0.37
0.422
0.422
0.422
0.801
0.785
0.785
0.785
0.406
2.409
2.409
2.409
2.409
2.409
2.409
2.409
2.409
2.469
2.469
2.469
2.469
2.469
2.348
2.348
2.348
2.348
2.348
2.622
2.783
2.783
0.639
0.76
0.76
0.76
0.74
0.76
0.76
0.76
0.7
0.7
0.66
0.446
0.446
0.446
0.386
1.827
1.827
1.887
1.827
1.827
1.827
1.827
1.827
1.827
1.807
1.807
1.807
2.004
2.064
2.064
2.064
2.064
2.064
2.064
2.064
1.881
1.881
1.881
1.78
3.043
3.063
3.043
1.881
1.881
1.941
0.774
0.774
0.674
0.714
0.517
0.517
0.517
0.517
2.051
2.031
2.031
0.497
0.497
0.497
0.497
0.497
0.497
0.497
0.634
0.634
0.457
0.417
0.477
0.477
0.477
0.477
0.547
0.487
0.487
0.487
0.487
0.664
0.664
0.507
0.507
0.447
0.507
0.447
0.661
0.661
0.661
0.661
0.67
0.67
0.746
0.806
0.629
2.163
2.163
2.163
0.629
0.826
0.612
0.632
0.612
0.612
0.612
0.789
0.789
1.29
1.34
1.34
1.34
1.38
3.312
3.312
3.347
3.347
3.297
3.297
3.297
3.297
3.297
3.069
3.069
3.069
3.069
3.069
3.069
2.917
2.847
2.917
2.917
2.847
2.847
2.867
2.867
2.832
2.832
2.832
2.872
2.872
2.872
2.872
2.872
2.872
2.912
2.912
2.912
2.912
2.912
2.912
2.912
2.872
2.812
2.812
2.812
2.812
3.046
3.425
3.425
3.425
3.425
3.046
3.006
3.079
2.999
2.999
2.999
2.999
3.039
3.039
2.825
2.825
0.326
0.326
0.326
0.326
0.326
0.326
0.326
0.326
0.346
0.346
0.387
0.387
0.387
0.387
0.387
0.407
0.407
0.407
0.407
0.407
0.423
0.383
0.802
0.985
1.055
0.954
0.575
0.575
0.575
0.575
0.575
0.615
0.575
0.575
0.625
0.625
0.625
0.625
0.625
0.625
0.625
0.645
0.645
0.422
0.422
0.422
0.422
0.422
0.422
0.422
0.583
0.523
0.523
0.583
0.523
0.523
0.523
0.523
0.523
0.523
0.523
0.523
0.523
0.523
0.523
0.583
0.583
0.543
0.757
0.637
0.637
0.637
0.646
0.843
0.843
0.843
0.893
0.893
0.933
0.933
0.933
0.863
0.689
0.689
0.609
0.792
0.772
0.772
0.832
0.832
0.852
0.852
0.852
0.949
0.949
0.752
0.822
0.822
0.857
0.857
0.857
0.857
0.857
0.797
0.813
0.63
0.621
0.621
0.621
0.621
0.601
0.601
0.601
0.601
0.601
0.601
0.601
0.632
0.632
0.632
0.632
0.632
0.632
0.632
0.632
0.632
0.632
0.632
0.632
0.632
0.632
0.592
0.522
0.421
0.421
0.421
0.421
0.421
0.635
0.635
0.644
0.635
0.832
0.832
0.852
0.832
0.832
