0.053
0.053
0.053
0.053
0.053
0.053
0.053
0.053
0.053
0.053
0.053
0.053
0.053
0.053
0.053
0.053
0.053
0.053
0.053
0.053
0.053
0.053
0.053
0.053
0.053
0.053
0.053
0.053
0.053
0.053
0.053
0.053
0.053
0.053
0.053
0.053
0.053
0.053
0.053
0.053
0.053
0.053
0.053
0.053
0.053
0.053
0.053
0.053
0.053
0.053
0.053
0.053
0.053
0.053
0.053
0.053
0.053
0.053
0.053
0.053
0.053
0.053
0.053
0.053
0.053
0.053
0.053
0.228
0.228
0.228
0.228
0.228
0.228
0.228
0.228
0.228
0.228
0.228
0.369
0.369
0.369
0.369
0.369
0.369
0.369
0.369
0.369
0.369
0.369
0.194
0.194
0.194
0.053
0.053
0.053
0.053
0.053
0.053
0.053
0.053
0.053
0.053
0.053
0.053
0.053
0.053
0.053
0.053
0.053
0.053
0.053
0.053
0.053
0.053
0.053
0.194
0.194
0.194
0.194
0.194
0.194
0.194
0.194
0.194
0.194
0.194
0.194
0.194
0.194
0.194
0.194
0.194
0.194
0.194
0.194
0.053
0.053
0.053
0.053
0.053
0.053
0.053
0.053
0.053
0.053
0.053
0.053
0.053
0.053
0.053
0.053
0.053
0.053
0.228
0.228
0.228
0.228
0.228
0.228
0.228
0.369
0.369
0.369
0.369
0.369
0.369
0.369
0.369
0.369
0.369
0.369
0.369
0.369
0.369
0.228
0.053
0.053
0.053
0.053
0.053
0.053
0.053
0.053
0.053
0.053
0.053
0.053
0.053
0.053
0.053
0.053
0.053
0.053
0.053
0.053
0.053
0.053
0.053
0.053
0.053
0.053
0.053
0.053
0.053
0.053
0.053
0.053
0.053
0.053
0.053
0.053
0.053
0.053
0.053
0.194
0.194
0.194
0.194
0.194
0.194
0.194
0.194
0.194
0.194
0.194
0.194
0.194
0.194
0.194
0.194
0.194
0.194
0.194
0.194
0.053
0.053
0.053
0.053
0.053
0.053
0.053
0.053
0.053
0.053
0.053
0.053
0.053
0.053
0.053
0.053
0.053
0.053
0.053
0.053
0.053
0.053
0.053
0.053
0.053
0.053
0.194
0.194
0.194
0.194
0.194
0.194
0.194
0.194
0.194
0.194
0.194
0.194
0.194
0.194
0.053
0.053
0.053
0.053
0.053
0.053
0.053
0.053
0.053
0.053
0.053
0.228
0.228
0.228
0.228
0.228
0.228
0.228
0.228
0.228
0.228
0.228
0.228
0.228
0.228
0.228
0.228
0.228
0.228
0.328
0.328
0.469
0.469
0.294
0.294
0.294
0.294
0.354
0.354
0.354
0.354
0.354
0.354
0.354
0.394
0.394
0.394
0.394
0.414
0.414
0.394
0.453
0.453
0.353
0.353
0.353
0.053
0.053
0.053
0.053
0.053
0.053
0.194
0.194
0.194
0.194
0.194
0.194
0.194
0.194
0.194
0.194
0.194
0.194
0.194
0.194
0.053
0.053
0.053
0.053
0.053
0.053
0.053
0.053
0.053
0.053
0.053
0.053
0.053
0.228
0.228
0.369
0.369
0.369
0.369
0.369
0.369
0.369
0.369
0.369
0.369
0.369
0.369
0.369
0.369
0.369
0.369
0.369
0.369
0.369
0.369
0.053
0.053
0.053
0.053
0.053
0.053
0.053
0.053
0.053
0.053
0.053
0.053
0.053
0.053
0.053
0.053
0.053
0.053
0.053
0.053
0.053
0.053
0.053
0.053
0.053
0.053
0.053
0.053
0.053
0.053
0.053
0.053
0.053
0.194
0.194
0.194
0.194
0.194
0.194
0.194
0.194
0.194
0.194
0.194
0.194
0.194
0.194
0.053
0.053
0.053
0.053
0.053
0.053
0.053
0.228
0.228
0.228
0.228
0.228
0.228
0.368
0.368
0.469
0.469
0.469
0.469
0.469
0.469
0.469
0.469
0.569
0.569
0.529
0.529
0.529
0.369
0.194
0.194
0.194
0.194
0.194
0.194
0.053
0.053
0.053
0.053
0.053
0.053
0.053
0.053
0.053
0.053
0.053
0.053
0.053
0.053
0.053
0.053
0.053
0.053
0.053
0.053
0.053
0.194
0.194
0.334
0.334
0.334
0.394
0.394
0.394
0.394
0.354
0.354
0.334
0.334
0.334
0.193
0.193
0.293
0.293
0.293
0.393
0.393
0.453
0.628
0.628
0.528
0.528
0.528
0.588
0.588
0.588
0.588
0.588
0.628
0.628
0.769
3.014
3.074
3.174
0.869
0.889
0.889
0.869
0.869
0.869
0.694
0.694
0.654
0.654
0.734
0.754
0.734
0.734
0.734
0.734
0.593
0.701
0.641
0.641
0.641
0.641
0.641
0.641
0.641
0.813
0.813
0.813
0.813
0.813
0.813
0.813
0.85
2.833
5.078
5.058
4.958
2.854
2.854
2.854
2.854
2.854
2.854
2.914
2.914
2.914
2.934
2.934
2.934
2.934
2.934
2.843
2.793
2.773
0.79
0.79
0.79
0.89
0.89
0.89
0.89
0.89
0.89
0.89
0.89
0.93
1.03
1.03
1.03
1.03
1.105
1.005
1.005
0.955
0.955
0.955
0.955
0.955
1.055
1.055
0.955
0.955
0.955
0.955
0.955
0.955
0.975
0.975
0.975
0.975
0.967
0.967
0.933
0.893
0.993
0.993
0.993
0.993
0.993
0.893
0.833
0.833
0.833
0.833
0.813
0.776
0.906
0.906
0.906
0.906
0.906
0.906
0.765
0.765
0.865
0.865
1.006
1.243
1.243
1.066
1.126
1.126
1.126
1.166
1.106
1.106
1.046
1.046
1.046
1.046
1.082
1.182
0.905
0.905
0.905
0.905
0.905
0.905
0.905
0.905
0.775
0.775
0.775
1.024
1.024
0.847
0.847
0.847
0.855
0.855
0.815
0.743
0.683
0.683
0.683
0.683
0.88
1.055
1.373
1.373
1.353
1.353
1.463
3.395
3.285
3.285
3.245
3.245
3.245
3.245
3.365
3.265
3.265
3.265
3.265
3.265
3.265
3.265
3.265
3.09
3.07
3.07
3.07
3.12
3.12
3.18
3.08
3.08
3.08
3.02
3.02
3.02
3.02
3.02
3.06
3.06
3.1
3.06
3.1
3.161
3.221
3.221
3.221
3.221
3.121
3.121
3.121
3.121
3.121
3.342
3.302
3.262
3.262
3.362
3.362
3.362
3.362
3.262
3.262
3.121
3.121
3.113
3.173
0.473
0.573
0.673
0.613
0.513
0.413
0.413
0.413
0.413
0.453
0.453
0.553
0.553
0.553
0.553
0.553
0.561
0.561
0.561
0.561
0.561
0.561
0.561
0.701
0.701
0.641
0.641
0.601
0.551
0.551
0.551
0.551
0.551
0.551
0.611
0.611
0.611
0.611
0.611
0.611
0.611
0.721
0.621
0.621
0.621
0.521
0.662
0.552
0.552
0.512
0.512
0.512
0.512
0.612
0.787
0.787
0.787
0.787
0.787
0.787
0.787
0.787
0.787
0.787
0.737
0.809
0.828
0.828
0.828
0.828
0.828
0.728
0.728
0.828
0.828
0.868
0.653
2.958
2.958
2.978
0.693
0.693
0.693
0.693
0.733
0.661
0.661
0.661
0.611
0.603
0.744
0.744
0.664
0.664
0.664
0.604
0.604
0.644
0.644
0.644
2.889
2.889
2.889
0.704
0.563
0.635
0.635
0.635
0.635
0.575
0.575
0.575
0.575
2.558
2.558
2.558
2.658
2.558
2.458
2.458
2.458
2.458
2.458
2.458
2.458
2.458
2.458
2.458
2.458
2.458
2.498
2.498
2.458
2.458
0.475
0.615
0.615
0.615
0.615
0.615
0.615
0.687
0.759
0.687
0.687
0.587
0.587
0.587
0.587
2.57
2.57
2.18
2.18
2.18
2.18
2.18
2.18
2.18
2.18
2.18
2.18
2.18
2.18
2.18
2.355
2.355
2.496
2.496
2.496
2.496
0.513
0.513
0.654
0.654
0.654
0.654
0.654
0.654
0.654
0.654
0.513
0.513
0.513
0.513
0.513
0.513
0.338
0.338
0.338
0.338
0.338
0.338
0.197
0.197
0.197
0.197
0.197
0.374
0.374
0.197
0.197
0.197
0.197
0.197
0.197
0.197
0.197
0.197
0.197
0.197
0.374
0.374
0.197
0.197
0.197
0.197
0.197
0.197
0.197
0.197
0.197
0.197
0.197
0.374
0.374
0.197
0.197
0.197
0.197
0.197
0.197
0.197
0.197
0.374
0.374
0.197
0.374
0.374
0.692
0.692
0.692
0.692
0.692
2.624
2.624
2.624
2.801
2.942
2.765
2.765
2.765
2.765
2.765
2.765
2.765
2.906
2.906
2.906
2.906
3.083
3.083
2.906
2.906
2.906
2.906
2.906
2.906
2.765
2.765
2.624
2.624
2.624
2.801
2.801
3.119
3.119
3.119
3.119
3.294
2.727
2.727
2.727
2.727
2.727
2.727
2.727
2.727
2.727
2.727
2.727
2.727
2.727
2.727
2.727
2.727
2.727
2.727
2.727
2.727
2.727
2.552
2.552
2.552
0.053
0.053
0.053
0.053
0.053
0.053
0.053
0.053
0.053
0.053
0.053
0.053
0.053
0.053
0.053
0.053
0.053
0.053
0.203
0.203
0.203
0.203
0.313
0.263
0.363
0.223
0.273
0.295
0.295
0.335
0.335
0.375
0.375
0.375
0.375
0.375
0.375
0.335
0.335
0.335
0.335
0.335
0.435
0.435
0.435
0.65
0.65
0.65
0.65
0.658
0.718
0.658
0.799
0.727
0.727
0.627
0.627
0.627
0.687
0.687
0.687
0.687
0.627
0.627
0.627
0.627
0.486
0.311
0.311
0.311
0.271
0.311
0.311
0.311
0.452
0.452
0.452
0.452
0.452
0.452
0.452
0.742
0.742
0.642
0.642
0.642
0.642
0.642
0.642
0.742
0.742
0.742
0.742
0.742
0.601
0.601
0.501
0.431
0.431
0.441
0.551
0.501
0.501
0.501
0.501
0.644
0.644
0.644
0.644
0.744
0.744
0.644
0.644
0.644
0.819
0.819
0.819
0.819
0.819
1.019
1.059
1.109
1.001
1.051
0.951
0.959
0.959
0.959
1.059
1.059
1.059
3.354
3.314
3.314
0.899
0.919
0.885
0.885
1.026
1.026
1.026
1.026
1.026
0.976
3.221
3.221
3.221
0.976
1.016
1.016
0.875
0.875
0.875
0.875
1.045
1.045
0.985
0.985
0.844
0.844
0.844
0.844
0.844
0.844
0.844
0.844
0.844
0.844
0.944
0.944
0.814
0.911
0.851
0.851
0.851
0.851
0.911
0.911
0.911
0.911
0.891
0.891
0.791
0.791
0.791
0.791
0.791
0.791
0.966
0.966
1.026
1.026
0.966
0.966
0.966
0.986
0.946
0.866
0.858
0.999
0.999
0.999
1.007
1.007
1.007
0.907
0.907
0.947
1.047
1.047
0.872
0.872
0.872
0.872
0.872
0.872
0.872
0.872
0.872
0.731
0.731
0.781
0.821
0.721
0.721
0.721
0.721
0.721
0.781
0.781
0.781
0.781
0.781
0.781
0.781
0.841
0.841
0.841
0.841
0.841
0.841
0.801
0.751
0.751
0.714
0.714
2.959
2.959
2.959
0.754
0.854
0.854
0.751
0.751
0.751
0.751
0.751
0.892
0.892
0.952
1.002
1.002
1.002
1.002
1.143
1.143
1.143
1.193
1.193
1.193
1.143
1.002
1.002
1.002
1.002
0.994
0.994
0.994
0.994
0.994
0.994
0.994
0.994
0.994
0.813
0.813
0.813
0.813
0.813
0.813
0.703
0.743
0.743
0.743
0.751
0.791
2.996
2.976
0.053
0.053
0.053
0.053
0.053
0.053
0.053
0.053
0.053
0.053
0.053
0.053
0.053
0.053
0.053
0.053
0.053
0.053
0.053
0.053
0.053
0.053
0.053
0.053
0.053
0.053
0.053
0.053
0.053
0.053
0.194
0.194
0.194
0.194
0.194
0.369
0.369
0.369
0.369
0.369
0.369
0.369
0.369
0.369
0.369
0.369
0.369
0.369
0.369
0.369
0.228
0.228
0.228
0.228
0.228
0.228
0.228
0.053
0.053
0.053
0.053
0.053
0.053
0.053
0.053
0.053
0.053
0.053
0.194
0.194
0.194
0.194
0.194
0.194
0.194
0.194
0.194
0.194
0.194
0.194
0.194
0.194
0.053
0.053
0.053
0.053
0.053
0.053
0.053
0.053
