0.054
0.054
0.054
0.054
0.054
0.054
0.054
0.054
0.054
0.054
0.054
0.054
0.054
0.054
0.054
0.054
0.054
0.054
0.054
0.054
0.054
0.054
0.054
0.054
0.054
0.054
0.054
0.054
0.054
0.054
0.054
0.054
0.054
0.054
0.054
0.054
0.054
0.054
0.054
0.054
0.054
0.054
0.054
0.054
0.054
0.054
0.054
0.054
0.054
0.054
0.054
0.054
0.054
0.054
0.054
0.054
0.054
0.054
0.054
0.054
0.054
0.054
0.054
0.054
0.054
0.054
0.054
0.054
0.054
0.054
0.054
0.054
0.054
0.054
0.054
0.054
0.054
0.054
0.054
0.054
0.054
0.054
0.054
0.054
0.054
0.054
0.054
0.054
0.054
0.054
0.054
0.054
0.054
0.054
0.054
0.054
0.054
0.054
0.054
0.054
0.054
0.054
0.054
0.054
0.054
0.054
0.054
0.054
0.054
0.054
0.054
0.054
0.054
0.054
0.054
0.054
0.054
0.054
0.054
0.054
0.054
0.054
0.054
0.054
0.054
0.054
0.054
0.054
0.054
0.054
0.054
0.054
0.054
0.054
0.054
0.054
0.054
0.054
0.054
0.054
0.054
0.054
0.054
0.054
0.054
0.054
0.054
0.054
0.054
0.054
0.054
0.054
0.054
0.054
0.054
0.054
0.054
0.054
0.054
0.054
0.054
0.054
0.054
0.054
0.054
0.054
0.054
0.054
0.054
0.054
0.054
0.054
0.054
0.054
0.054
0.054
0.054
0.054
0.054
0.054
0.054
0.054
0.054
0.054
0.054
0.054
0.054
0.054
0.054
0.054
0.054
0.054
0.054
0.054
0.054
0.054
0.054
0.054
0.054
0.054
0.054
0.054
0.054
0.054
0.054
0.054
0.054
0.054
0.054
0.054
0.054
0.054
0.054
0.054
0.054
0.054
0.054
0.054
0.054
0.054
0.054
0.054
0.054
0.054
0.054
0.054
0.054
0.054
0.054
0.054
0.054
0.054
0.054
0.054
0.054
0.054
0.054
0.054
0.054
0.054
0.054
0.054
0.054
0.054
0.054
0.054
0.054
0.054
0.054
0.054
0.054
0.054
0.054
0.054
0.054
0.054
0.054
0.054
0.054
0.054
0.054
0.054
0.054
0.054
0.054
0.054
0.054
0.054
0.054
0.054
0.054
0.054
0.054
0.054
0.054
0.054
0.054
0.054
0.054
0.054
0.054
0.054
0.054
0.054
0.054
0.054
0.054
0.054
0.054
0.054
0.054
0.054
0.054
0.054
0.054
0.054
0.054
0.054
0.054
0.054
0.054
0.054
0.054
0.054
0.054
0.054
0.054
0.054
0.054
0.054
0.054
0.054
0.054
0.054
0.054
0.054
0.054
0.054
0.054
0.054
0.054
0.054
0.054
0.054
0.054
0.054
0.054
0.054
0.054
0.054
0.054
0.054
0.054
0.054
0.054
0.054
0.054
0.054
0.054
0.054
0.054
0.054
0.054
0.054
0.054
0.054
0.054
0.054
0.054
0.054
0.054
0.054
0.054
0.054
0.054
0.089
0.089
0.089
0.089
0.089
0.089
0.089
0.129
0.129
0.129
0.257
0.317
0.317
0.257
0.257
0.257
0.222
0.222
0.222
0.222
0.222
0.094
0.094
0.247
0.247
0.247
0.247
0.247
0.247
0.247
0.247
0.247
0.247
0.247
0.247
0.054
0.054
0.054
0.054
0.054
0.054
0.054
0.054
0.054
0.054
0.054
0.054
0.054
0.054
0.054
0.054
0.054
0.054
0.054
0.054
0.054
0.054
0.054
0.054
0.054
0.054
0.054
0.054
0.054
0.054
0.054
0.054
0.054
0.054
0.054
0.054
0.054
0.054
0.054
0.054
0.207
0.207
0.207
0.207
0.207
0.207
0.207
0.207
0.207
0.207
0.207
0.207
0.207
0.216
0.216
0.316
0.316
0.316
0.216
0.216
0.216
0.216
0.251
0.251
0.251
0.251
0.251
0.216
0.216
0.216
0.251
0.251
0.251
0.251
0.251
0.291
0.291
0.3
0.3
0.291
0.351
0.402
0.502
0.502
0.442
0.502
0.462
0.462
0.462
0.367
0.367
0.367
0.367
0.367
0.367
0.367
0.439
0.439
0.439
0.439
0.439
0.439
0.439
0.439
2.422
2.422
2.422
2.422
2.482
2.482
2.482
2.493
2.493
2.493
2.433
2.433
2.433
2.493
2.493
2.493
2.493
2.493
2.333
2.333
2.333
0.35
0.35
0.35
0.35
0.35
0.126
0.126
0.126
0.126
0.126
0.126
0.126
0.126
0.126
0.126
0.126
0.126
0.126
0.126
0.126
0.126
0.126
0.126
0.126
0.126
0.126
0.126
0.126
0.126
0.126
0.126
0.126
0.126
0.126
0.126
0.126
0.126
0.126
0.126
0.126
0.126
0.126
0.126
0.126
0.126
0.126
0.126
0.126
0.126
0.126
0.126
0.126
0.126
0.126
0.126
0.126
0.126
0.126
0.126
0.126
0.126
0.126
0.126
0.303
0.303
0.126
0.126
0.126
0.126
0.126
0.126
0.126
0.126
0.126
0.126
0.126
0.303
0.303
0.126
0.126
0.126
0.126
0.126
0.126
0.126
0.126
0.126
0.126
0.126
0.303
0.303
0.126
0.126
0.126
0.126
0.126
0.126
0.126
0.126
0.126
0.126
0.126
0.303
0.303
0.621
0.621
0.621
0.621
0.621
0.054
0.054
0.054
0.054
0.054
0.054
0.218
0.278
0.278
0.278
0.278
0.278
0.278
0.278
0.278
0.278
0.278
0.278
0.278
0.278
0.278
0.278
0.278
0.278
0.278
0.372
0.412
0.412
0.387
0.447
0.387
0.387
0.447
0.447
0.387
0.387
0.387
0.387
0.387
0.387
0.387
0.387
0.447
0.447
0.447
0.447
0.447
0.401
0.501
0.501
0.501
0.501
0.501
0.501
0.601
0.561
0.561
0.561
0.561
0.561
0.561
0.879
0.919
0.979
0.979
0.661
0.661
0.661
0.561
0.561
0.661
0.661
0.661
0.661
0.661
0.661
0.561
0.561
0.561
0.561
0.561
0.561
0.561
0.561
0.561
0.512
0.054
0.054
0.054
0.054
0.054
0.054
0.054
0.054
0.054
0.054
0.252
0.252
0.252
0.252
0.252
0.252
0.252
0.252
0.252
0.252
0.252
0.252
0.218
0.218
0.218
0.218
0.218
0.218
0.218
0.218
0.218
0.218
0.218
0.218
0.278
0.278
0.331
0.331
0.331
0.331
0.34
0.331
0.331
0.331
0.331
0.331
0.331
0.331
0.331
0.331
0.331
0.331
0.331
0.366
0.494
0.494
0.366
0.366
0.366
0.684
0.684
0.684
0.684
0.366
0.366
0.366
0.366
0.366
0.366
0.355
0.355
0.355
0.355
0.32
0.32
0.32
0.32
0.34
0.34
0.32
0.207
0.207
0.207
0.307
0.307
0.367
0.376
0.316
0.316
0.316
0.351
0.351
0.351
0.351
0.351
0.351
0.351
0.411
0.471
0.571
0.536
0.536
0.436
0.436
0.436
0.447
0.447
0.575
0.575
0.682
0.717
0.717
0.717
0.717
0.717
0.717
0.717
2.665
2.477
2.477
2.477
2.477
2.477
2.537
4.844
4.844
4.844
4.844
4.691
4.631
4.701
4.701
4.701
4.701
4.701
4.708
4.708
4.708
2.725
2.725
0.453
0.453
0.453
0.453
0.453
0.453
0.453
0.453
0.581
0.581
0.581
0.581
0.581
0.581
0.581
0.581
0.581
0.581
0.581
0.641
0.641
0.701
0.701
0.701
0.701
0.69
0.63
0.63
0.73
0.73
0.65
0.65
0.65
0.65
0.63
0.63
0.63
0.63
0.63
0.63
0.664
0.664
0.664
0.664
0.664
0.664
0.604
0.604
0.604
0.604
0.604
1.895
1.895
1.955
1.955
1.955
1.955
1.955
1.955
1.955
1.955
2.132
2.132
3.828
3.828
3.828
2.055
2.055
2.048
2.048
2.048
2.048
2.048
1.878
2.062
2.062
1.998
4.305
4.305
4.305
4.305
3.014
3.014
3.114
3.114
3.114
3.154
3.331
3.291
3.114
3.114
5.027
5.027
2.68
0.807
0.807
0.807
0.827
0.827
0.827
1.104
1.104
1.422
1.422
1.422
1.422
1.302
0.635
0.522
0.522
0.522
0.462
0.462
0.428
0.419
0.419
0.479
2.412
2.352
2.352
0.479
0.479
0.419
0.384
0.384
0.384
0.532
0.552
0.532
0.419
0.419
0.479
0.479
0.479
0.419
2.292
2.326
2.326
0.453
0.353
0.353
2.66
2.66
2.72
2.72
2.72
2.82
2.813
2.713
2.713
2.713
2.653
2.718
2.718
2.787
2.787
2.787
0.48
0.489
0.529
0.529
0.489
0.489
0.489
0.48
0.48
0.571
0.571
0.571
0.571
0.571
0.571
0.571
0.571
0.571
0.571
0.471
0.471
0.371
0.371
0.371
0.371
0.371
0.371
0.371
0.382
0.382
0.382
0.382
0.382
0.382
0.382
0.535
0.535
0.535
0.535
0.535
0.535
0.535
0.635
0.595
0.595
0.595
0.535
0.535
0.535
0.535
0.535
0.535
0.501
0.501
0.501
0.501
2.374
2.374
2.374
0.466
0.466
0.475
0.495
0.495
0.495
0.495
0.495
0.495
0.495
0.495
0.495
0.495
0.495
0.504
2.447
2.377
2.368
0.535
0.635
0.635
0.595
0.595
0.63
0.63
0.61
0.61
0.644
0.644
0.633
0.598
0.658
0.693
0.693
0.693
0.693
0.693
0.658
0.793
0.793
0.793
0.793
0.793
0.793
0.846
0.846
0.846
0.846
0.846
0.846
0.846
0.846
0.881
0.846
0.846
0.846
0.846
0.786
0.821
0.821
0.786
0.786
0.797
0.797
0.797
3.111
3.111
3.111
3.111
3.111
3.111
3.111
3.051
3.051
3.051
3.051
3.051
3.051
3.051
3.051
3.051
0.744
0.744
0.744
0.744
0.744
0.744
0.744
0.744
0.784
0.784
0.744
0.804
0.804
0.744
0.744
0.631
0.631
0.631
0.631
0.597
0.597
0.637
0.657
0.657
0.657
0.692
0.692
0.692
0.692
0.692
0.692
0.727
0.727
0.727
0.727
0.767
0.767
0.767
0.767
0.767
0.827
0.781
0.781
0.781
0.781
0.781
0.781
0.781
0.781
0.781
0.781
0.781
0.781
0.781
0.781
0.746
0.746
0.739
0.679
0.679
0.679
0.679
0.779
0.679
0.679
0.679
0.679
0.679
0.679
0.826
0.826
0.826
0.698
0.698
0.698
0.698
0.698
0.698
0.826
0.826
0.786
0.623
0.623
0.623
0.623
0.623
0.683
0.683
0.683
0.683
0.743
0.683
0.683
0.683
0.683
0.663
0.851
0.851
2.724
2.724
2.724
0.921
3.275
3.275
3.275
3.24
3.112
3.112
3.132
3.132
3.132
3.132
3.26
3.16
3.26
3.26
3.16
3.16
0.913
0.913
0.913
0.913
0.913
0.983
0.983
0.983
0.983
0.983
0.983
0.983
0.983
0.974
0.974
0.974
0.954
0.954
1.074
0.946
0.886
0.826
0.826
0.826
0.792
0.657
0.692
0.692
0.692
0.692
0.692
0.692
0.692
0.692
0.692
0.692
0.692
0.692
0.692
0.692
0.692
0.726
0.746
0.746
0.746
0.746
0.726
0.854
0.954
0.854
0.819
0.819
0.819
0.819
0.819
0.819
0.819
0.812
0.752
0.752
0.752
0.752
0.759
0.759
0.759
0.77
0.67
0.67
0.67
0.67
0.67
0.67
0.67
0.67
0.67
0.67
0.73
0.577
0.537
0.537
0.537
0.477
0.407
0.407
0.407
0.407
0.407
0.407
0.407
0.407
0.407
0.467
0.407
0.407
0.442
0.407
0.407
0.407
0.442
0.451
0.451
0.451
0.442
0.542
0.577
0.477
0.489
0.538
0.526
0.626
0.626
0.626
0.666
0.736
0.702
0.702
0.702
0.702
0.702
0.702
0.702
0.702
0.702
0.589
0.489
0.478
0.478
0.538
0.538
0.538
0.478
0.472
0.472
0.472
0.472
0.465
0.465
0.565
0.521
0.521
0.421
0.421
0.421
0.43
0.43
0.47
0.421
0.421
0.421
0.421
0.421
0.421
0.421
0.421
0.421
0.421
0.421
0.421
0.421
2.303
2.294
2.294
0.421
0.534
0.534
0.534
0.534
0.534
0.594
0.594
0.594
0.634
0.634
0.534
0.434
