0.178
0.233
0.233
0.333
0.208
0.268
0.328
0.328
0.268
0.268
0.393
0.393
0.268
0.268
0.268
0.308
0.308
0.248
0.248
0.348
0.579
0.639
0.579
0.379
0.379
0.379
0.479
0.411
0.411
0.471
0.471
0.471
0.471
0.471
0.471
0.471
0.471
0.471
0.471
0.471
0.471
0.471
0.24
0.24
0.24
0.24
0.24
0.24
0.379
0.379
0.379
0.379
0.479
0.479
0.479
0.479
0.379
0.379
0.399
0.399
0.399
0.399
0.399
0.399
0.399
0.399
0.399
0.399
0.524
0.524
0.524
0.524
0.584
0.584
0.584
0.524
0.524
0.524
0.524
0.584
0.584
0.584
0.564
0.564
0.509
0.509
0.509
0.509
0.509
0.509
0.509
0.509
0.509
0.509
0.509
0.509
0.509
0.509
0.509
0.509
0.338
0.569
0.751
0.751
0.751
0.851
0.851
0.851
0.851
0.851
0.851
0.851
0.851
0.851
0.851
0.851
0.669
0.669
0.669
0.629
0.284
0.284
0.284
0.053
0.053
0.053
0.053
0.053
0.053
0.053
0.053
0.053
0.053
0.053
0.053
0.053
0.053
0.053
0.053
0.053
0.053
0.053
0.053
0.053
0.053
0.053
0.053
0.053
0.053
0.053
0.053
0.053
0.053
0.053
0.053
0.053
0.053
0.053
0.053
0.053
0.053
0.053
0.053
0.053
0.199
0.199
0.199
0.199
0.199
0.199
0.199
0.199
0.199
0.199
0.199
0.199
0.612
0.612
0.612
0.612
0.612
0.612
0.612
0.612
0.466
0.466
0.466
0.466
0.466
0.466
0.284
0.284
0.284
0.284
0.284
0.284
0.284
0.284
0.053
0.053
0.053
0.053
0.053
0.053
0.053
0.053
0.053
0.053
0.053
0.053
0.053
0.053
0.053
0.053
0.053
0.053
0.053
0.053
0.053
0.053
0.053
0.053
0.053
0.053
0.053
0.053
0.053
0.053
0.053
0.053
0.053
0.053
0.053
0.053
0.053
0.053
0.053
0.053
0.053
0.053
0.053
0.053
0.284
0.284
0.284
0.284
0.43
0.43
0.43
0.43
0.43
0.43
0.43
0.43
0.43
0.43
0.43
0.43
0.43
0.43
0.43
0.43
0.43
0.43
0.199
0.199
0.053
0.053
0.053
0.053
0.053
0.053
0.053
0.235
0.235
0.235
0.235
0.235
0.235
0.235
0.235
0.235
0.235
0.235
0.235
0.235
0.235
0.053
0.053
0.053
0.053
0.053
0.053
0.053
0.053
0.053
0.053
0.053
0.053
0.053
0.053
0.053
0.053
0.053
0.053
0.053
0.053
0.053
0.053
0.053
0.053
0.053
0.053
0.053
0.053
0.053
0.053
0.284
0.284
0.284
0.284
0.43
0.43
0.43
0.43
0.43
0.43
0.43
0.43
0.43
0.43
0.43
0.43
0.43
0.43
0.43
0.43
0.43
0.43
0.199
0.199
0.053
0.053
0.053
0.053
0.053
0.053
0.053
0.053
0.053
0.053
0.053
0.053
0.053
0.053
0.053
0.053
0.053
0.053
0.053
0.053
0.053
0.053
0.053
0.053
0.053
0.053
0.053
0.053
0.053
0.053
0.053
0.053
0.053
0.053
0.235
0.235
0.235
0.235
0.235
0.36
0.36
0.36
0.36
0.36
0.506
0.506
0.506
0.506
0.324
0.555
0.555
2.582
2.582
2.582
0.555
0.555
0.555
0.555
0.555
0.555
0.555
0.565
0.565
0.565
0.419
0.419
0.419
0.419
0.419
0.419
0.419
0.188
0.188
0.188
0.188
0.188
0.188
0.188
0.188
0.248
0.248
0.248
0.188
0.188
0.063
0.063
0.063
0.063
0.063
0.063
0.063
0.063
0.063
0.063
0.063
0.063
0.063
0.063
0.063
0.063
0.063
0.063
0.063
0.063
0.063
0.209
0.209
0.209
0.209
0.209
0.538
0.538
0.538
0.538
2.236
2.236
2.236
0.209
0.209
0.209
0.209
0.209
0.209
0.209
0.209
0.063
0.202
0.202
0.202
0.202
0.202
0.202
0.063
0.063
0.053
0.053
0.053
0.053
0.053
0.053
0.053
0.053
0.053
0.053
0.235
0.235
0.235
0.235
0.235
0.235
0.235
0.235
0.235
0.235
0.235
0.235
0.235
0.466
0.284
0.284
0.284
0.284
0.284
0.284
1.454
1.454
1.454
1.454
1.454
1.454
1.454
1.454
1.454
1.454
1.454
1.454
1.454
1.454
1.454
1.223
1.223
1.223
1.223
1.223
1.223
1.223
1.223
1.223
1.223
1.223
1.223
1.223
1.223
1.223
1.223
1.223
1.223
1.223
1.223
1.223
1.223
1.233
1.233
1.233
1.233
1.233
1.233
1.233
1.233
1.233
1.233
1.233
1.233
1.233
1.233
1.233
1.233
1.233
1.233
1.233
1.233
1.415
1.415
1.415
0.245
0.245
0.245
0.245
0.245
0.245
0.245
0.245
0.245
0.245
0.277
0.095
0.095
0.095
0.095
0.095
0.095
0.167
0.167
0.167
0.167
0.313
0.313
0.313
0.313
2.296
2.296
2.296
2.296
2.296
2.296
2.421
2.421
2.421
2.421
2.421
2.421
2.652
2.652
2.652
2.652
2.506
2.506
2.506
2.506
4.683
2.7
2.7
2.7
2.7
2.69
2.69
2.69
2.69
4.717
4.717
4.717
2.71
2.69
2.459
2.459
2.459
2.598
2.598
2.598
2.473
2.473
2.655
2.655
2.769
2.769
2.769
0.592
0.592
0.592
0.592
0.592
0.592
0.592
0.592
0.592
0.41
0.41
0.503
0.503
0.503
0.503
0.503
0.503
0.503
0.503
0.503
0.503
0.503
0.503
0.503
0.503
0.503
0.503
0.503
0.503
0.503
0.503
0.378
0.378
0.378
0.378
0.378
0.378
0.796
0.796
0.619
0.619
0.619
0.619
0.619
0.619
0.619
0.619
0.619
0.619
0.619
0.796
0.796
0.619
0.619
0.619
0.619
0.619
0.619
0.619
0.388
0.388
0.388
0.388
0.565
0.565
0.388
0.388
0.388
0.388
0.388
0.388
0.388
0.57
0.57
0.57
0.57
0.747
0.747
1.065
1.065
1.211
1.211
1.211
0.644
0.644
0.644
0.462
0.462
0.462
0.462
0.462
0.587
0.587
0.587
0.587
0.587
0.587
0.587
0.587
0.587
0.441
0.441
0.441
0.441
0.441
0.441
0.441
0.441
1.607
1.607
1.597
0.662
0.662
0.662
0.662
0.662
0.662
0.662
0.662
0.662
0.662
0.662
0.662
0.662
0.662
0.662
0.662
0.662
0.662
0.662
0.306
0.306
0.306
0.306
0.306
0.306
0.306
0.431
0.431
0.431
0.431
0.431
0.577
0.577
0.577
0.577
0.577
0.577
0.577
0.577
0.577
0.577
2.604
2.604
2.604
0.577
0.769
0.769
0.769
0.769
0.769
0.769
0.723
0.723
0.723
0.723
0.723
0.723
0.723
0.723
0.541
0.541
0.541
0.541
0.541
0.541
0.541
0.541
0.541
0.541
0.541
0.541
0.541
0.541
0.541
0.541
0.541
0.541
0.541
0.541
0.541
0.541
0.541
0.541
0.541
0.541
0.541
0.541
0.541
0.541
0.541
0.541
0.541
0.541
0.541
0.541
0.541
0.541
0.541
0.541
0.541
0.541
0.541
0.541
0.541
0.541
0.541
0.541
0.541
0.541
0.772
0.772
0.772
0.772
0.772
0.772
0.772
0.954
0.954
0.944
0.944
0.964
0.964
0.964
0.964
0.964
0.964
0.964
0.964
0.964
0.839
0.657
0.426
0.572
0.572
0.572
0.572
0.572
0.572
0.572
0.582
0.582
0.582
0.482
0.482
0.482
0.482
0.482
0.482
0.482
0.482
0.482
0.482
0.336
0.336
0.336
0.336
0.336
0.461
0.461
0.461
0.461
0.461
0.461
0.461
0.461
0.461
0.461
0.461
0.461
0.461
0.461
0.461
0.461
0.461
0.461
0.461
0.692
0.692
0.692
0.692
0.692
0.752
0.752
0.752
0.752
0.752
0.638
0.638
0.638
0.638
0.638
0.638
0.82
0.82
0.82
0.82
0.88
0.88
0.649
0.649
0.649
0.649
0.589
0.589
0.589
0.589
0.407
0.407
0.407
0.407
0.347
0.347
0.337
0.337
0.337
0.337
0.337
0.337
0.337
0.337
0.337
0.337
0.337
0.337
0.337
0.451
0.597
0.472
0.472
0.472
0.472
0.472
0.532
0.472
0.472
0.472
0.472
0.597
0.597
0.597
0.597
0.597
0.597
0.597
0.597
0.597
0.451
0.451
0.451
0.451
0.451
0.682
0.682
0.682
0.682
0.543
0.543
0.543
0.543
0.543
0.543
0.543
0.543
0.543
0.543
0.543
0.543
0.635
0.635
0.635
0.635
0.635
0.575
0.344
0.344
0.344
0.344
0.344
0.526
0.536
0.536
0.536
0.536
0.536
0.536
0.536
0.536
0.536
0.536
0.536
0.536
0.536
0.354
0.354
0.354
0.354
0.354
0.354
0.354
0.354
0.354
0.354
0.354
0.354
0.354
0.354
0.354
0.354
0.354
0.354
0.229
0.229
0.375
0.375
0.375
1.31
1.31
1.31
0.375
0.375
0.375
0.375
0.586
0.586
0.586
0.586
0.586
0.586
0.586
0.586
0.586
0.586
0.44
0.44
0.44
0.44
0.44
0.44
0.44
0.44
0.408
0.408
0.408
1.578
1.347
1.347
1.347
1.347
1.347
1.529
1.529
1.529
1.519
1.519
1.519
1.519
1.519
1.519
1.519
1.519
1.519
1.519
1.519
1.337
1.337
1.337
1.337
1.337
1.337
1.337
1.337
1.437
1.437
1.437
1.583
1.583
1.583
1.583
1.583
1.583
1.583
1.583
1.583
1.583
1.583
1.583
1.683
1.683
1.683
1.683
1.683
1.683
1.683
1.683
1.537
1.537
1.537
1.537
1.537
1.537
1.537
1.537
1.537
0.367
0.367
0.492
0.492
0.492
0.492
0.492
0.492
0.492
0.492
0.492
0.492
0.492
0.492
0.492
0.492
0.492
0.492
0.492
0.392
0.392
0.392
0.683
0.743
0.743
0.723
0.663
0.845
0.905
0.905
0.845
0.845
0.845
0.845
0.991
0.991
1.13
1.19
1.19
1.065
1.065
0.883
0.943
0.883
0.752
0.752
0.752
0.752
0.752
0.752
0.752
0.752
0.752
0.752
0.666
0.666
0.626
0.626
0.626
0.626
0.626
0.626
0.636
0.636
0.696
0.696
0.696
0.696
0.636
0.636
0.636
0.636
0.861
0.861
0.861
0.861
0.801
0.801
0.801
0.801
0.801
0.801
0.801
0.801
0.801
0.801
0.801
0.701
0.701
0.701
0.701
0.701
0.761
0.761
0.761
0.761
0.761
0.761
0.761
0.761
0.761
0.761
0.761
0.907
0.807
0.867
0.807
1.038
1.038
1.038
1.038
1.038
1.22
1.22
1.22
1.28
1.28
1.28
1.28
1.312
1.312
1.312
1.358
1.212
1.152
1.152
1.239
1.179
1.179
0.948
0.619
0.579
0.519
0.579
0.579
0.569
0.664
0.664
0.664
0.609
0.609
0.609
0.609
0.609
0.609
0.669
0.704
0.704
0.669
0.669
2.696
2.696
2.696
0.669
0.669
0.669
0.669
0.669
0.669
0.669
0.669
0.669
0.669
0.669
0.609
0.609
0.609
0.609
0.609
0.609
0.509
0.564
0.564
0.564
0.564
0.564
0.464
0.464
0.464
0.464
0.464
0.464
0.464
0.464
0.464
0.564
0.564
0.564
0.564
0.509
0.509
0.569
0.537
0.477
0.477
0.487
0.487
0.487
0.487
0.487
0.487
0.487
0.487
0.718
0.718
0.718
0.718
0.718
0.718
0.718
0.718
0.718
0.718
0.718
0.718
0.778
0.778
0.778
0.778
0.778
0.96
1.06
1.06
1.206
1.206
0.915
1.015
1.015
0.915
0.915
0.915
0.915
0.915
0.915
0.733
0.833
0.993
0.833
0.833
0.733
0.733
0.733
0.733
0.587
0.487
0.547
0.547
0.482
0.482
0.422
0.482
0.482
0.482
0.482
0.422
0.422
0.422
0.422
0.422
0.422
0.422
0.422
0.442
0.442
0.442
0.442
0.422
0.362
0.352
0.412
0.412
0.412
0.412
0.412
0.412
0.412
0.467
0.467
0.467
0.467
0.328
0.328
0.559
0.559
0.559
0.559
0.559
0.559
0.559
