0.271
0.331
0.331
0.303
0.303
0.303
0.363
0.303
0.303
0.303
0.054
0.054
0.054
0.054
0.054
0.054
0.054
0.054
0.054
0.054
0.054
0.054
0.054
0.054
0.054
0.054
0.054
0.054
0.054
0.054
0.054
0.054
0.054
0.054
0.054
0.054
0.054
0.054
0.054
0.054
0.054
0.054
0.054
0.054
0.054
0.054
0.054
0.054
0.054
0.054
0.054
0.054
0.054
0.054
0.054
0.054
0.054
0.054
0.054
0.054
0.054
0.054
0.054
0.054
0.054
0.054
0.054
0.054
0.054
0.054
0.054
0.054
0.054
0.054
0.054
0.054
0.054
0.054
0.054
0.054
0.054
0.054
0.054
0.054
0.054
0.054
0.054
0.054
0.054
0.054
0.054
0.054
0.054
0.054
0.054
0.054
0.054
0.054
0.054
0.054
0.054
0.054
0.054
0.054
0.054
0.054
0.054
0.054
0.054
0.054
0.054
0.054
0.054
0.054
0.054
0.054
0.054
0.054
0.054
0.054
0.054
0.054
0.054
0.054
0.054
0.054
0.054
0.054
0.054
0.054
0.054
0.054
0.054
0.054
0.054
0.054
0.054
0.054
0.054
0.054
0.054
0.054
0.054
0.054
0.054
0.054
0.054
0.054
0.054
0.054
0.054
0.054
0.054
0.054
0.054
0.054
0.054
0.054
0.054
0.054
0.054
0.054
0.054
0.054
0.054
0.054
0.054
0.054
0.054
0.054
0.054
0.054
0.054
0.054
0.054
0.054
0.054
0.054
0.054
0.054
0.054
0.054
0.054
0.054
0.054
0.054
0.054
0.054
0.054
0.054
0.054
0.054
0.054
0.054
0.054
0.054
0.054
0.054
0.054
0.054
0.054
0.054
0.054
0.054
0.054
0.054
0.054
0.054
0.054
0.054
0.054
0.054
0.054
0.054
0.054
0.054
0.054
0.054
0.054
0.054
0.054
0.054
0.054
0.054
0.054
0.054
0.054
0.054
0.054
0.054
0.054
0.054
0.054
0.054
0.054
0.054
0.054
0.054
0.054
0.054
0.203
0.203
0.203
0.203
0.334
0.334
0.334
0.334
0.334
0.334
0.334
0.334
0.334
0.334
0.334
0.334
0.334
0.334
0.334
0.364
0.054
0.054
0.054
0.054
0.054
0.054
0.054
0.054
0.054
0.054
0.054
0.054
0.054
0.054
0.054
0.054
0.054
0.054
0.054
0.054
0.054
0.054
0.054
0.054
0.054
0.054
0.054
0.054
0.054
0.054
0.054
0.054
0.054
0.054
0.054
0.054
0.054
0.054
0.054
0.054
0.054
0.054
0.054
0.054
0.054
0.054
0.054
0.054
0.054
0.054
0.054
0.054
0.054
0.054
0.054
0.054
0.054
0.054
0.054
0.054
0.054
0.054
0.054
0.054
0.054
0.054
0.054
0.054
0.054
0.054
0.054
0.054
0.054
0.054
0.054
0.054
0.054
0.054
0.054
0.054
0.054
0.054
0.054
0.054
0.054
0.054
0.054
0.054
0.054
0.054
0.054
0.054
0.054
0.054
0.054
0.054
0.054
0.054
0.054
0.054
0.054
0.054
0.054
0.054
0.054
0.054
0.054
0.054
0.054
0.054
0.054
0.054
0.054
0.054
0.054
0.054
0.054
0.054
0.054
0.054
0.054
0.054
0.054
0.054
0.054
0.054
0.054
0.054
0.054
0.054
0.054
0.054
0.054
0.054
0.054
0.054
0.054
0.054
0.054
0.054
0.054
0.054
0.054
0.054
0.054
0.054
0.054
0.054
0.054
0.054
0.314
0.314
0.314
0.314
0.447
0.507
0.447
0.447
0.607
0.607
0.507
0.507
0.507
0.507
0.507
0.447
0.447
0.547
0.547
0.547
0.547
0.547
0.597
0.597
0.597
0.597
0.597
0.597
0.597
0.436
0.436
0.436
0.436
0.436
0.436
0.436
0.436
0.501
0.501
0.501
0.501
0.501
0.501
0.498
0.498
0.498
0.454
0.454
0.354
0.354
0.354
0.428
0.428
0.354
0.354
0.354
0.354
0.454
0.454
0.514
0.514
0.514
0.514
0.514
0.588
0.668
0.668
0.471
0.297
0.297
0.297
0.369
0.369
0.369
0.369
0.359
0.359
0.319
0.319
0.319
0.331
0.331
0.331
0.391
0.379
0.439
0.379
0.379
0.379
0.379
0.379
0.399
0.399
0.379
0.439
0.439
0.379
0.379
0.379
0.379
0.379
0.379
0.379
0.379
0.379
0.379
0.379
2.049
2.109
2.109
0.451
0.451
0.511
0.439
0.439
0.439
0.499
0.499
0.439
0.439
0.054
0.054
0.054
0.054
0.054
0.054
0.054
0.054
0.054
0.054
0.054
0.054
0.054
0.054
0.054
0.054
0.054
0.054
0.054
0.054
0.054
0.054
0.054
0.054
0.054
0.054
0.054
0.054
0.054
0.054
0.054
0.054
0.054
0.054
0.054
0.054
0.054
0.054
0.054
0.054
0.219
0.219
0.219
0.219
0.219
0.219
0.259
0.259
0.259
0.259
0.259
0.319
0.319
0.319
0.319
0.319
0.331
0.331
0.391
0.391
0.391
0.391
0.391
0.465
0.433
0.433
0.433
0.433
0.433
0.433
0.433
0.433
0.359
0.359
0.359
0.299
0.299
0.399
0.419
0.419
0.419
0.419
0.359
0.359
0.359
0.359
0.359
0.347
0.347
0.421
0.421
0.421
0.481
0.481
0.481
0.481
0.481
0.481
0.481
0.481
0.581
0.591
0.591
0.591
0.603
0.603
0.603
0.603
0.603
0.603
0.603
0.615
0.615
0.615
0.615
0.615
0.615
0.515
0.515
0.503
0.614
0.594
0.582
0.642
0.707
0.707
0.659
0.659
0.647
0.647
0.647
0.647
0.647
0.747
0.747
0.747
0.747
0.747
0.767
0.779
0.839
0.871
0.871
0.859
0.859
0.931
0.931
0.941
0.941
0.941
0.941
1.058
1.058
3.041
3.041
3.041
3.041
3.041
3.041
3.041
3.041
3.041
3.041
3.041
3.041
3.013
3.025
3.013
3.013
3.001
3.013
3.013
3.001
3.001
1.008
1.017
1.008
1.008
1.008
1.008
1.008
0.988
0.988
0.988
0.988
0.988
0.988
0.988
1
1
1
1
1
1
1
1
1
1
1
1.04
1.04
1.04
1.1
1.1
1.1
1.04
1.04
1.03
1.03
1.03
1.03
1.03
1.03
1.03
0.998
0.998
1.05
1.03
1.09
1.09
1.09
1.1
1.16
0.983
0.79
0.79
0.79
0.79
0.75
0.75
0.75
0.75
0.75
0.75
0.75
0.75
0.867
1.044
1.044
0.876
0.916
0.907
0.847
0.907
0.957
0.957
1.017
1.027
0.967
0.967
1.07
1.07
0.833
0.773
0.785
0.785
0.785
0.785
0.797
0.797
0.785
0.785
0.785
0.922
0.922
0.745
0.745
0.733
0.733
0.733
0.733
0.733
0.733
0.793
0.853
0.833
0.95
0.833
1.191
1.08
1.08
1.154
1.114
0.547
0.507
0.507
0.507
0.507
0.507
0.475
0.475
0.515
0.515
0.515
0.505
0.505
0.505
0.505
0.505
0.565
0.5
0.5
0.5
0.44
0.44
0.44
0.44
0.44
0.44
0.44
0.054
0.054
0.054
0.054
0.054
0.054
0.054
0.054
0.054
0.054
0.054
0.054
0.054
0.054
0.054
0.054
0.054
0.054
0.054
0.054
0.054
0.054
0.119
0.119
0.054
0.054
0.054
0.054
0.054
0.054
0.054
0.054
0.066
0.066
0.066
0.066
0.066
0.066
0.066
0.237
0.237
0.126
0.226
0.226
0.226
0.226
0.226
0.343
0.343
0.343
0.343
0.343
0.343
0.343
0.331
0.271
0.271
0.271
0.271
0.271
0.271
0.271
0.271
0.271
0.271
0.271
0.404
0.404
0.416
0.476
0.516
0.516
0.59
0.59
0.65
0.65
0.65
0.61
0.61
0.642
0.542
0.542
0.482
0.482
0.422
0.422
0.522
0.522
0.522
0.522
0.522
0.522
0.522
0.522
0.582
0.582
0.582
0.587
0.587
0.587
0.587
0.627
0.527
0.527
0.453
0.453
0.453
0.453
0.453
0.465
0.465
0.453
0.513
0.453
0.453
0.453
0.388
0.388
0.388
0.397
0.397
0.409
0.409
0.409
0.409
0.409
0.409
0.409
0.459
0.459
0.459
0.619
0.619
0.56
0.508
0.613
0.633
0.633
0.516
0.476
0.622
0.622
0.536
0.536
1.579
1.579
1.579
0.464
0.464
0.464
0.538
0.598
0.492
0.583
2.253
2.193
2.193
0.523
0.523
0.523
0.595
0.595
0.595
0.655
0.655
0.655
0.655
0.655
0.655
0.655
0.678
0.678
0.678
0.678
0.678
0.752
0.752
0.812
0.812
0.844
0.844
0.844
0.961
0.961
0.961
0.985
0.985
0.856
0.856
0.856
0.856
0.856
0.956
0.956
0.956
0.956
0.956
0.896
0.896
0.896
0.896
0.896
0.896
0.956
0.956
0.956
0.956
2.561
2.45
2.45
0.78
0.78
0.78
0.78
0.78
0.745
0.745
0.745
0.785
0.751
0.751
1.032
1.067
1.007
1.017
0.67
0.67
0.658
0.658
0.658
0.658
0.658
0.718
0.704
0.704
0.718
0.544
0.544
0.544
0.664
0.664
0.664
0.664
0.664
0.704
0.704
0.704
0.704
0.704
0.704
0.704
0.764
0.672
0.883
0.783
0.783
0.783
0.783
0.783
0.823
0.823
0.823
0.823
0.823
0.823
0.823
0.865
0.865
0.825
0.825
0.825
0.825
0.825
0.825
0.825
0.825
0.825
0.825
0.825
0.825
0.899
2.569
2.569
2.569
0.899
0.825
0.825
0.825
0.837
0.837
0.837
0.837
0.837
0.837
0.837
0.837
0.837
0.827
0.827
0.827
0.877
0.925
0.925
0.865
0.865
0.865
0.865
0.865
0.965
0.965
0.965
0.965
0.915
0.915
0.915
0.865
0.865
0.965
0.965
0.965
1.025
1.025
0.965
0.865
0.865
0.805
0.795
0.695
0.695
0.835
0.795
0.735
0.735
0.852
0.852
0.861
0.861
0.861
0.861
0.829
1.876
1.876
1.876
0.773
0.773
0.773
0.773
0.773
0.857
0.857
0.922
0.857
0.907
0.907
0.907
0.919
0.907
0.907
0.907
0.907
0.907
0.907
0.907
0.857
0.869
0.869
0.736
0.736
0.736
0.736
0.736
0.736
0.736
0.748
0.748
0.736
0.685
0.685
0.685
0.685
0.685
0.625
0.551
0.551
0.542
0.607
0.607
0.607
0.607
0.542
0.53
0.53
0.663
0.663
0.663
0.663
0.663
0.728
0.728
0.788
0.788
0.788
0.728
0.628
0.628
0.628
0.628
0.588
0.578
0.578
0.578
0.638
0.638
0.606
0.606
0.606
0.606
0.618
0.606
0.546
0.546
0.546
0.546
0.546
0.62
0.62
0.62
0.712
0.738
0.738
0.738
0.738
0.712
0.712
0.638
0.638
0.628
0.637
0.637
0.647
0.647
0.647
0.647
0.587
0.587
0.587
0.587
0.599
0.611
0.551
0.592
0.592
0.592
0.953
0.953
1.053
1.053
0.692
0.692
0.692
0.592
0.592
0.592
0.552
0.552
0.552
0.552
0.703
0.703
0.763
0.763
0.763
0.663
0.663
0.663
0.663
0.603
0.703
0.703
0.768
0.768
0.703
0.803
0.868
0.868
0.818
0.758
0.818
0.818
0.818
0.818
0.758
0.758
0.758
0.758
0.758
0.758
0.758
0.658
0.658
0.526
0.526
0.526
0.526
0.526
0.526
0.526
0.526
0.461
0.461
0.344
0.581
0.571
0.571
0.571
0.571
0.571
0.636
0.636
0.576
0.576
0.576
0.576
0.576
0.576
0.596
0.596
0.596
0.696
0.696
0.054
0.054
0.054
0.054
0.054
0.054
0.054
0.054
0.054
0.054
0.054
0.054
0.054
0.054
0.054
0.054
0.054
0.054
0.054
0.054
0.054
0.054
0.054
0.054
0.054
0.054
0.054
0.054
0.054
0.054
0.054
0.054
0.054
0.054
0.054
0.054
0.054
0.054
0.054
0.054
0.054
0.054
0.054
0.054
0.054
0.054
0.054
0.054
0.054
0.054
0.054
0.054
0.054
0.054
0.054
0.054
0.054
0.054
0.054
0.054
0.054
0.054
0.054
0.054
0.054
0.054
0.054
0.054
0.054
0.054
