0.052
0.052
0.052
0.052
0.052
0.052
0.052
0.052
0.052
0.052
0.052
0.052
0.052
0.052
0.052
0.174
0.174
0.174
0.174
0.174
0.174
0.174
0.174
0.174
0.174
0.174
0.174
0.174
0.322
0.322
0.322
0.322
0.322
0.2
0.2
0.2
0.2
0.2
0.2
0.2
0.2
0.2
0.2
0.2
0.2
0.2
0.2
0.2
0.052
0.052
0.052
0.052
0.052
0.052
0.052
0.052
0.052
0.052
0.052
0.052
0.052
0.052
0.052
0.052
0.052
0.052
0.052
0.052
0.052
0.052
0.052
0.052
0.052
0.052
0.052
0.052
0.052
0.052
0.052
0.052
0.052
0.052
0.052
0.052
0.052
0.052
0.052
0.052
0.052
0.052
0.052
0.052
0.052
0.052
0.052
0.052
0.052
0.052
0.052
0.052
0.052
0.052
0.052
0.052
0.052
0.052
0.052
0.052
0.052
0.2
0.2
0.2
0.2
0.322
0.322
0.322
0.322
0.322
0.322
0.322
0.322
0.538
0.538
0.538
0.538
0.538
0.538
0.538
0.538
0.39
0.39
0.268
0.268
0.268
0.268
0.052
0.052
0.052
0.052
0.052
0.052
0.052
0.052
0.052
0.052
0.052
0.052
0.052
0.052
0.052
0.052
0.052
0.052
0.052
0.052
0.052
0.052
0.052
0.052
0.052
0.052
0.052
0.052
0.052
0.052
0.052
0.052
0.174
0.174
0.174
0.174
0.174
0.174
0.174
0.174
0.174
0.174
0.174
0.174
0.322
0.322
0.322
0.322
0.322
0.322
0.2
0.2
0.2
0.2
0.2
0.2
0.416
0.416
0.416
0.416
0.416
0.416
0.416
0.416
0.268
0.268
0.268
0.268
0.268
0.268
0.052
0.052
0.052
0.052
0.052
0.052
0.052
0.052
0.052
0.052
0.052
0.052
0.052
0.052
0.052
0.052
0.052
0.052
0.052
0.052
0.052
0.052
0.052
0.052
0.052
0.052
0.052
0.052
0.052
0.174
0.174
0.174
0.174
0.174
0.174
0.174
0.174
0.174
0.174
0.174
0.174
0.174
0.174
0.174
0.174
0.174
0.174
0.052
0.052
0.052
0.2
0.2
0.2
0.2
0.2
0.2
0.2
0.2
0.2
0.2
0.2
0.2
0.2
0.416
0.416
0.416
0.416
0.416
0.416
0.416
0.268
0.268
0.268
0.268
0.268
0.268
0.268
0.052
0.052
0.052
0.052
0.052
0.052
0.052
0.052
0.052
0.052
0.052
0.052
0.052
0.052
0.052
0.052
0.052
0.052
0.052
0.052
0.052
0.052
0.052
0.052
0.052
0.052
0.052
0.052
0.052
0.052
0.052
0.052
0.052
0.052
0.052
0.052
0.052
0.052
0.052
0.052
0.052
0.052
0.052
0.052
0.052
0.052
0.052
0.052
0.052
0.052
0.052
0.052
0.052
0.052
0.052
0.052
0.052
0.052
0.052
0.052
0.052
0.2
0.416
0.416
0.416
0.416
0.416
0.416
0.416
0.416
0.416
0.416
0.416
0.416
0.416
0.416
0.2
0.2
0.2
0.2
0.2
0.052
0.052
0.052
0.052
0.052
0.052
0.174
0.174
0.174
0.174
0.174
0.174
0.174
0.174
0.174
0.174
0.174
0.174
0.174
0.174
0.174
0.174
0.174
0.174
0.052
0.052
0.052
0.052
0.052
0.052
0.052
0.052
0.052
0.052
0.052
0.052
0.052
0.052
0.052
0.052
0.052
0.052
0.052
0.2
0.2
0.2
0.2
0.2
0.2
0.2
0.2
0.2
0.2
0.2
0.2
0.2
0.2
0.2
0.2
0.2
0.2
0.322
0.322
0.174
0.174
0.174
0.174
0.174
0.174
0.174
0.174
0.174
0.174
0.174
0.174
0.174
0.39
0.39
0.39
0.268
0.268
0.268
0.268
0.268
0.268
0.268
0.268
0.268
0.268
0.268
0.052
0.052
0.052
0.052
0.052
0.052
0.052
0.052
0.052
0.052
0.052
0.052
0.052
0.052
0.052
0.052
0.052
0.052
0.052
0.052
0.052
0.052
0.052
0.052
0.052
0.649
0.649
0.649
0.649
0.322
0.322
0.322
0.322
0.322
0.322
0.322
0.322
0.333
0.333
0.333
0.333
0.333
0.333
0.211
0.211
0.063
0.063
0.063
0.063
1.188
1.188
1.188
1.188
1.188
1.188
1.188
1.188
1.188
1.188
1.188
1.188
1.188
1.188
1.188
1.188
1.188
1.188
1.188
1.188
1.188
1.188
1.188
1.188
1.188
1.188
1.188
1.188
1.188
1.188
0.063
0.063
0.063
0.063
0.063
0.063
0.063
0.185
0.185
0.185
0.185
0.185
0.185
0.185
0.185
0.185
0.185
0.185
0.174
0.174
0.322
0.322
0.322
0.322
0.322
0.2
0.416
0.416
0.416
0.416
0.416
0.416
0.416
0.416
0.416
0.416
0.416
0.416
0.416
0.416
0.052
0.052
0.052
0.052
0.052
0.052
0.052
0.052
0.052
0.052
0.052
0.052
0.052
0.052
0.052
0.052
0.052
0.052
0.052
0.052
0.052
0.052
0.052
0.052
0.052
0.052
0.052
0.052
0.052
0.052
0.052
0.052
0.052
0.052
0.052
0.052
0.052
0.052
0.052
0.052
0.174
0.174
0.174
0.174
0.174
0.322
0.322
0.322
0.322
0.322
0.322
0.322
0.322
0.322
0.322
0.322
0.322
0.322
0.2
0.2
0.2
0.2
0.2
0.2
0.416
0.268
0.268
0.268
0.268
0.268
0.268
0.268
0.268
0.268
0.268
0.268
0.299
0.299
0.083
0.083
0.083
0.083
0.083
0.083
0.083
0.083
0.083
0.083
0.083
0.083
0.083
0.083
0.083
0.083
0.083
0.205
0.205
0.205
0.205
0.205
0.205
0.205
0.205
0.205
0.205
0.205
0.205
0.205
0.205
0.205
0.205
0.205
0.205
0.083
0.083
0.083
0.083
0.083
0.231
0.558
0.558
0.558
0.558
0.231
0.231
0.231
0.231
0.231
0.231
0.231
0.231
0.231
0.231
0.231
0.231
0.447
0.447
0.447
0.299
0.299
0.299
0.299
0.299
0.299
0.299
0.299
0.299
0.299
0.299
0.052
0.152
0.152
0.152
0.152
0.152
0.152
0.152
0.152
0.152
0.052
0.052
0.052
0.052
0.052
0.052
0.052
0.052
0.052
0.052
0.052
0.052
0.052
0.052
0.052
0.052
0.052
0.052
0.052
0.052
0.052
0.052
0.052
0.052
0.052
0.052
0.052
0.052
0.052
0.052
0.052
0.052
0.052
0.052
0.052
0.052
0.052
0.052
0.052
0.052
0.052
0.064
0.064
0.064
0.064
0.064
0.064
0.064
0.064
0.064
0.064
0.064
0.064
0.064
0.064
0.064
0.064
0.064
0.064
0.064
0.064
0.064
0.064
0.28
0.28
0.28
0.28
0.402
0.402
0.402
0.402
0.402
0.402
0.402
0.402
0.401
0.401
0.185
0.185
0.185
0.185
0.185
0.185
0.185
0.252
0.13
0.13
0.13
0.13
0.13
0.063
0.211
0.211
0.211
0.211
0.211
0.211
0.211
0.211
0.211
0.218
0.218
0.218
0.218
0.218
0.218
0.218
0.218
0.218
0.2
0.2
0.052
0.052
0.052
0.052
0.052
0.052
0.052
0.052
0.052
0.052
0.052
0.052
0.052
0.052
0.052
0.052
0.052
0.052
0.052
0.052
0.052
0.052
0.052
0.052
0.052
0.052
0.052
0.052
0.052
0.052
0.052
0.052
0.052
0.052
0.052
0.052
0.052
0.052
0.052
0.052
0.052
0.052
0.052
0.052
0.052
0.052
0.052
0.052
0.052
0.052
0.052
0.052
0.052
0.052
0.052
0.052
0.052
0.052
0.07
0.07
0.07
0.07
0.07
0.07
0.192
0.192
0.192
0.192
0.408
0.408
0.408
0.408
0.408
0.556
0.587
0.587
0.587
0.587
0.587
0.587
0.587
0.587
0.249
0.249
0.238
0.362
0.362
0.362
0.362
0.362
0.362
0.362
0.362
0.214
0.214
0.214
0.214
0.214
0.214
0.214
0.214
0.214
0.214
0.214
0.214
0.214
0.214
0.214
0.214
0.214
0.214
0.214
0.214
0.214
0.214
0.214
0.214
0.214
0.214
0.214
0.214
0.214
0.207
0.207
0.207
0.207
0.207
0.207
0.207
0.207
0.207
0.329
0.329
0.329
0.329
0.329
0.329
0.329
0.329
0.329
0.329
0.329
0.329
0.329
0.329
0.329
0.329
0.298
0.174
0.052
0.052
0.052
0.052
0.268
0.268
0.268
0.268
0.416
0.416
0.416
0.416
0.416
0.416
0.416
0.416
0.416
0.416
0.2
0.2
0.2
0.2
0.2
0.2
0.2
0.2
0.2
0.2
0.052
0.052
0.052
0.052
0.052
0.052
0.052
0.052
0.052
0.052
0.052
0.176
0.176
0.176
0.176
0.176
0.176
0.176
0.176
0.176
0.176
0.176
0.176
0.176
0.176
0.176
0.292
0.292
0.292
0.292
0.292
0.292
0.292
0.292
0.292
0.292
0.292
0.292
0.292
0.292
0.292
0.292
0.414
0.414
0.414
0.414
0.414
0.414
0.414
0.414
0.414
0.414
0.414
0.414
0.414
0.414
0.414
0.414
0.414
0.547
0.292
0.292
0.292
0.292
0.292
0.508
0.508
0.508
0.508
0.508
0.508
0.508
0.508
0.508
0.508
0.508
0.508
0.508
0.508
0.292
0.292
0.292
0.292
0.323
0.207
0.355
0.355
0.355
0.355
0.355
0.415
0.415
0.415
0.355
0.355
0.355
0.355
0.355
0.355
0.355
0.355
0.355
0.355
0.517
0.517
0.369
0.369
0.369
0.369
0.369
0.369
0.369
0.369
0.369
0.369
0.369
0.369
0.369
0.369
0.369
0.369
0.247
0.247
0.247
0.247
0.247
0.247
0.247
0.247
0.247
0.247
0.247
0.247
0.247
0.247
0.247
0.247
0.247
0.247
0.247
0.247
0.247
0.247
0.247
0.247
0.363
0.511
0.395
0.395
0.395
0.395
0.395
0.395
0.611
0.744
0.744
0.713
0.713
0.713
0.72
0.72
0.654
0.654
0.654
0.654
0.654
0.506
0.223
0.223
0.356
0.356
0.456
0.456
0.456
0.516
0.516
0.586
0.586
0.516
0.547
0.547
0.547
0.547
0.547
0.547
0.547
0.507
0.607
0.607
0.607
0.607
0.729
0.729
0.729
0.629
0.629
0.729
0.729
0.729
0.729
0.729
0.729
0.729
0.729
0.729
0.729
0.729
0.729
0.877
0.755
0.755
0.755
0.695
0.695
0.695
0.695
0.695
0.707
0.695
0.695
0.695
0.755
0.755
0.695
0.695
0.695
0.695
0.695
0.547
0.587
0.547
0.63
0.523
0.523
0.523
0.523
0.523
0.54
0.54
0.64
0.7
0.7
0.694
0.634
0.634
0.538
0.538
0.378
0.314
0.314
0.314
0.314
0.223
0.223
0.223
0.223
0.379
0.279
0.279
0.279
0.279
0.339
0.399
0.532
0.532
0.532
0.532
0.532
0.532
0.532
0.632
0.632
0.532
0.532
0.532
0.532
0.532
0.532
0.532
0.532
0.532
0.68
0.687
0.687
0.687
0.687
0.687
0.554
0.554
0.554
0.554
0.2
0.2
0.2
0.2
0.2
0.2
0.2
0.2
0.2
0.2
0.052
0.052
0.052
0.052
0.052
0.174
0.174
0.174
0.174
0.174
0.174
0.174
0.174
0.174
0.174
0.174
0.174
0.174
0.174
0.174
0.174
0.174
0.174
0.052
0.052
0.052
0.052
0.052
0.052
0.052
0.052
0.052
0.052
0.052
0.052
0.052
0.052
0.052
0.052
0.052
0.2
0.2
0.2
0.2
0.2
0.2
0.2
0.2
0.416
0.416
0.416
0.416
0.416
0.416
0.416
0.416
0.416
0.416
0.416
0.416
0.268
0.268
0.052
0.052
0.052
0.052
0.052
0.052
0.052
0.052
0.052
0.052
0.174
0.174
0.174
0.174
0.174
0.174
0.174
0.174
0.174
0.174
0.174
0.174
0.174
0.174
0.174
0.174
0.174
0.174
0.052
0.052
0.052
0.052
0.052
0.052
0.052
0.052
0.052
0.052
0.052
0.052
0.052
0.052
0.052
0.052
0.052
0.052
0.2
0.2
0.2
0.2
0.2
0.2
0.2
0.2
0.2
0.2
0.2
0.2
