0.052
0.092
0.217
0.367
0.367
0.367
0.367
0.367
0.367
0.367
0.052
0.052
0.052
0.052
0.052
0.052
0.052
0.052
0.052
0.052
0.052
0.052
0.052
0.052
0.052
0.052
0.052
0.052
0.052
0.052
0.052
0.052
0.052
0.052
0.052
0.052
0.052
0.052
0.052
0.052
0.052
0.052
0.052
0.052
0.052
0.052
0.052
0.052
0.052
0.052
0.052
0.242
0.242
0.242
0.242
0.242
0.242
0.242
0.242
0.242
0.242
0.242
0.242
0.242
0.242
0.052
0.052
0.052
0.052
0.052
0.052
0.052
0.052
0.052
0.197
0.197
0.197
0.197
0.197
0.197
0.197
0.197
0.197
0.197
0.197
0.197
0.197
0.197
0.197
0.197
0.197
0.197
0.305
0.305
0.16
0.16
0.16
0.16
0.16
0.16
0.16
0.16
0.16
0.16
0.16
0.16
0.16
0.16
0.16
0.16
0.052
0.052
0.052
0.052
0.052
0.052
0.052
0.052
0.052
0.052
0.052
0.052
0.052
0.052
0.052
0.052
0.052
0.052
0.052
0.052
0.052
0.052
0.052
0.052
0.052
0.052
0.052
0.052
0.052
0.242
0.242
0.242
0.242
0.242
0.242
0.242
0.242
0.242
0.242
0.242
0.242
0.242
0.242
0.052
0.052
0.052
0.052
0.052
0.052
0.052
0.052
0.052
0.052
0.197
0.197
0.197
0.197
0.197
0.197
0.197
0.197
0.197
0.197
0.197
0.197
0.197
0.197
0.197
0.197
0.197
0.197
0.197
0.197
0.052
0.052
0.052
0.052
0.052
0.052
0.052
0.052
0.052
0.052
0.052
0.052
0.052
0.052
0.052
0.052
0.16
0.16
0.16
0.16
0.16
0.16
0.16
0.16
0.16
0.16
0.16
0.16
0.16
0.16
0.16
0.16
0.16
0.16
0.052
0.052
0.052
0.052
0.052
0.052
0.052
0.052
0.052
0.052
0.052
0.052
0.052
0.052
0.052
0.052
0.052
0.052
0.052
0.242
0.242
0.242
0.242
0.242
0.242
0.242
0.242
0.242
0.242
0.242
0.242
0.242
0.242
0.052
0.052
0.052
0.052
0.052
0.052
0.052
0.052
0.052
0.052
0.052
0.052
0.052
0.052
0.052
0.052
0.052
0.052
0.052
0.052
0.052
0.052
0.052
0.052
0.052
0.052
0.052
0.052
0.052
0.052
0.052
0.052
0.052
0.16
0.16
0.16
0.305
0.305
0.305
0.305
0.305
0.305
0.305
0.305
0.305
0.305
0.305
0.305
0.305
0.305
0.305
0.197
0.197
0.197
0.197
0.197
0.052
0.052
0.052
0.052
0.052
0.052
0.052
0.242
0.242
0.242
0.242
0.242
0.242
0.242
0.242
0.242
0.242
0.242
0.242
0.242
0.242
0.052
0.052
0.052
0.052
0.052
0.052
0.052
0.052
0.052
0.052
0.052
0.052
0.052
0.052
0.052
0.052
0.052
0.052
0.052
0.052
0.052
0.052
0.052
0.052
0.052
0.052
0.052
0.052
0.052
0.052
0.052
0.052
0.052
0.052
0.052
0.052
0.052
0.052
0.052
0.052
0.052
0.052
0.052
0.052
0.052
0.052
0.052
0.052
0.052
0.052
0.052
0.052
0.052
0.052
0.052
0.052
0.052
0.242
0.242
0.242
0.242
0.242
0.242
0.242
0.242
0.242
0.242
0.242
0.242
0.242
0.242
0.052
0.052
0.052
0.052
0.052
0.197
0.197
0.197
0.197
0.197
0.197
0.197
0.197
0.197
0.197
0.197
0.197
0.197
0.197
0.197
0.197
0.197
0.197
0.197
0.197
0.052
0.052
0.052
0.052
0.052
0.052
0.052
0.052
0.052
0.052
0.052
0.052
0.052
0.052
0.052
0.052
0.052
0.052
0.052
0.052
0.052
0.052
0.052
0.052
0.052
0.052
0.052
0.177
0.177
0.177
0.177
0.177
0.177
0.367
0.367
0.367
0.367
0.367
0.367
0.367
0.367
0.367
0.367
0.367
0.367
0.367
0.475
0.285
0.285
0.285
0.285
0.285
0.285
0.285
0.285
0.285
0.285
0.16
0.16
0.16
0.16
0.16
0.16
0.16
0.052
0.052
0.052
0.052
0.052
0.052
0.052
0.052
0.052
0.052
0.052
0.052
0.052
0.052
0.052
0.052
0.052
0.052
0.052
0.052
0.052
0.052
0.052
0.052
0.052
0.052
0.052
0.052
0.052
0.052
0.052
0.052
0.052
0.052
0.052
0.052
0.197
0.197
0.197
0.197
0.197
0.197
0.197
0.197
0.197
0.197
0.197
0.197
0.197
0.197
0.197
0.197
0.197
0.387
0.387
0.387
0.242
0.242
0.242
0.242
0.242
0.242
0.242
0.242
0.242
0.242
0.242
0.052
0.052
0.052
0.052
0.052
0.052
0.052
0.052
0.052
0.052
0.052
0.052
0.052
0.052
0.052
0.052
0.052
0.052
0.052
0.052
0.052
0.052
0.052
0.052
0.052
0.052
0.052
0.052
0.052
0.052
0.052
0.052
0.052
0.052
0.052
0.052
0.052
0.052
0.052
0.052
0.052
0.052
0.052
0.052
0.052
0.052
0.052
0.052
0.052
0.052
0.052
0.052
0.052
0.052
0.052
0.052
0.242
0.242
0.242
0.242
0.242
0.242
0.242
0.242
0.35
0.35
0.35
0.35
0.35
0.35
0.16
0.16
0.16
0.16
0.16
0.16
0.16
0.16
0.16
0.16
0.16
0.16
0.052
0.052
0.052
0.052
0.052
0.197
0.197
0.197
0.197
0.197
0.197
0.197
0.197
0.197
0.197
0.197
0.197
0.197
0.197
0.197
0.197
0.197
0.197
0.197
0.197
0.052
0.052
0.052
0.052
0.052
0.052
0.052
0.052
0.052
0.052
0.052
0.16
0.16
0.16
0.16
0.16
0.16
0.16
0.16
0.16
0.16
0.16
0.16
0.16
0.16
0.16
0.16
0.16
0.16
0.177
0.177
0.177
0.177
0.242
0.242
0.242
0.242
0.242
0.242
0.242
0.242
0.242
0.242
0.387
0.387
0.387
0.387
0.197
0.197
0.197
0.197
0.197
0.197
0.197
0.197
0.197
0.197
0.197
0.197
0.197
0.197
0.197
0.197
0.052
0.052
0.052
0.052
0.052
0.052
0.052
0.052
0.052
0.052
0.052
0.052
0.052
0.052
0.052
0.052
0.052
0.052
0.052
0.052
0.052
0.052
0.052
0.052
0.052
0.052
0.052
0.052
0.052
0.052
0.052
0.052
0.052
0.16
0.16
0.16
0.16
0.16
0.16
0.16
0.16
0.16
0.16
0.16
0.16
0.16
0.305
0.305
0.305
0.495
0.495
0.387
0.387
0.387
0.387
0.387
0.387
0.387
0.387
0.387
0.387
0.387
0.387
0.197
0.197
0.197
0.052
0.052
0.052
0.052
0.052
0.052
0.052
0.052
0.052
0.052
0.052
0.052
0.052
0.052
0.052
0.052
0.052
0.052
0.052
0.052
0.052
0.052
0.052
0.052
0.052
0.052
0.052
0.052
0.052
0.052
0.052
0.052
0.052
0.052
0.052
0.052
0.052
0.052
0.052
0.052
0.052
0.052
0.052
0.052
0.052
0.052
0.052
0.197
0.197
0.197
0.197
0.197
0.305
0.305
0.305
0.305
0.305
0.305
0.305
0.305
0.495
0.495
0.495
0.495
0.495
0.495
0.495
0.35
0.35
0.35
0.242
0.242
0.242
0.242
0.052
0.052
0.052
0.052
0.052
0.052
0.052
0.052
0.052
0.052
0.052
0.052
0.052
0.052
0.052
0.052
0.052
0.052
0.052
0.052
0.052
0.052
0.052
0.052
0.052
0.052
0.052
0.052
0.052
0.052
0.052
0.052
0.052
0.052
0.052
0.052
0.052
0.052
0.052
0.052
0.052
0.052
0.052
0.052
0.052
0.052
0.052
0.052
0.052
0.052
0.052
0.052
0.052
0.16
0.16
0.16
0.16
0.16
0.16
0.16
0.16
0.16
0.305
0.305
0.305
0.305
0.305
0.305
0.305
0.305
0.38
0.272
0.272
0.272
0.272
0.197
0.197
0.197
0.197
0.197
0.197
0.197
0.052
0.052
0.052
0.052
0.052
0.052
0.064
0.064
0.052
0.052
0.052
0.052
0.052
0.052
0.052
0.052
0.052
0.052
0.052
0.052
0.052
0.052
0.052
0.052
0.052
0.052
0.052
0.052
0.052
0.242
0.242
0.242
0.242
0.242
0.242
0.242
0.242
0.242
0.365
0.365
0.365
0.365
0.365
0.175
0.175
0.175
0.175
0.175
0.175
0.283
0.283
0.283
0.283
0.283
0.283
0.283
0.283
0.283
0.283
0.428
0.428
0.428
0.428
0.428
0.428
0.428
0.428
0.32
0.471
0.471
0.471
0.471
0.471
0.471
0.471
0.471
0.471
0.471
0.471
0.326
0.326
0.326
0.326
0.326
0.326
0.326
0.326
0.326
0.326
0.326
0.326
0.326
0.326
0.326
0.326
0.326
0.326
0.326
0.326
0.326
0.326
0.326
0.326
0.326
0.516
0.516
0.516
0.516
0.516
0.516
0.516
0.516
0.516
0.516
0.516
0.516
0.516
0.516
0.326
0.326
0.326
0.471
0.471
0.471
0.471
0.471
0.471
0.471
0.485
0.485
0.485
0.485
0.485
0.485
0.485
0.485
0.485
0.485
0.485
0.485
0.485
0.34
0.34
0.34
0.34
0.34
0.34
0.34
0.34
0.34
0.34
0.448
0.448
0.448
0.448
0.448
0.448
0.448
0.448
0.448
0.448
0.448
0.448
0.448
0.448
0.448
0.448
0.448
0.448
0.34
0.34
0.35
0.35
0.35
0.35
0.199
0.199
0.199
0.199
0.199
0.199
0.199
0.199
0.389
0.534
0.534
0.534
0.534
0.52
0.52
0.52
0.52
0.52
0.52
0.52
0.52
0.52
0.33
0.33
0.33
0.33
0.33
0.33
0.33
0.185
0.185
0.185
0.185
0.185
0.185
0.185
0.185
0.185
0.185
0.185
0.185
0.185
0.185
0.504
0.504
0.504
0.504
0.185
0.185
0.185
0.185
0.185
0.185
0.185
0.185
0.185
0.185
0.185
0.185
0.185
0.185
0.293
0.293
0.293
0.293
0.293
0.293
0.293
0.293
0.283
0.283
0.319
0.319
0.319
0.319
0.319
0.319
0.319
0.319
0.211
0.211
0.211
0.415
0.415
0.425
0.425
0.425
0.425
0.425
0.425
0.425
0.525
0.425
0.425
0.425
0.425
0.235
0.235
0.235
0.36
0.275
0.275
0.287
0.287
0.438
0.322
0.322
0.382
0.382
0.382
0.382
0.382
0.382
0.322
0.472
0.58
0.58
0.58
0.58
0.705
0.705
0.705
0.705
0.705
0.705
0.555
0.555
0.555
0.555
0.555
0.555
0.543
0.543
0.435
0.435
0.435
0.435
0.435
0.435
0.435
0.435
0.585
0.421
0.421
0.385
0.385
0.385
0.399
0.399
0.399
0.399
0.399
0.399
0.399
0.459
0.649
0.649
0.579
0.579
0.77
0.77
0.619
0.619
0.496
0.496
0.496
0.496
0.641
0.641
0.451
0.451
0.451
0.451
0.451
0.451
0.613
0.613
0.613
0.613
0.613
0.613
0.613
0.613
0.613
0.613
0.488
0.488
0.343
0.343
0.343
0.343
0.343
0.343
0.343
0.343
0.343
0.343
0.343
0.343
0.343
0.343
0.343
0.383
0.383
0.343
0.343
0.343
0.329
0.139
0.139
0.139
0.139
0.139
0.139
0.139
0.139
0.139
0.139
0.139
0.052
0.052
0.052
0.052
0.052
0.052
0.052
0.052
0.052
0.197
0.197
0.197
0.197
0.197
0.197
0.197
0.197
0.197
0.197
0.197
0.197
0.197
0.197
0.197
0.347
0.347
0.347
0.347
0.347
0.202
0.202
0.202
0.202
0.202
0.202
0.202
0.202
0.298
0.406
0.406
0.406
0.406
0.406
0.406
0.406
0.466
0.785
0.785
0.825
0.825
0.16
0.16
0.35
0.35
0.35
0.35
0.242
0.242
0.242
0.242
0.242
0.242
0.242
0.242
0.242
0.242
0.052
0.052
0.052
0.052
0.052
0.052
0.052
0.052
0.197
0.197
0.197
0.197
0.197
0.197
0.197
0.197
0.197
0.197
0.197
0.197
0.197
0.197
0.197
0.197
0.197
0.197
0.197
0.197
0.052
0.052
0.052
0.052
0.052
0.052
