0.052
0.052
0.052
0.052
0.052
0.052
0.052
0.052
0.052
0.052
0.052
0.052
0.052
0.052
0.052
0.052
0.052
0.052
0.052
0.052
0.052
0.052
0.052
0.208
0.208
0.208
0.208
0.208
0.208
0.208
0.208
0.208
0.208
0.208
0.208
0.208
0.208
0.208
0.208
0.208
0.208
0.208
0.208
0.052
0.052
0.052
0.052
0.052
0.052
0.052
0.052
0.052
0.052
0.052
0.052
0.262
0.262
0.262
0.262
0.262
0.262
0.262
0.262
0.262
0.262
0.262
0.262
0.262
0.262
0.052
0.052
0.052
0.052
0.164
0.164
0.164
0.164
0.164
0.164
0.164
0.164
0.164
0.164
0.164
0.164
0.164
0.164
0.32
0.32
0.32
0.32
0.208
0.208
0.208
0.208
0.208
0.208
0.208
0.208
0.208
0.208
0.208
0.208
0.208
0.208
0.208
0.208
0.052
0.052
0.052
0.052
0.052
0.052
0.052
0.052
0.052
0.052
0.052
0.052
0.052
0.052
0.052
0.052
0.052
0.052
0.052
0.052
0.164
0.374
0.374
0.374
0.374
0.374
0.374
0.374
0.374
0.374
0.374
0.374
0.374
0.374
0.374
0.164
0.164
0.164
0.052
0.052
0.052
0.052
0.052
0.052
0.052
0.052
0.052
0.052
0.052
0.052
0.052
0.052
0.052
0.052
0.052
0.052
0.052
0.052
0.052
0.052
0.052
0.052
0.052
0.052
0.052
0.052
0.052
0.052
0.052
0.052
0.052
0.052
0.052
0.052
0.052
0.052
0.052
0.052
0.052
0.052
0.164
0.32
0.32
0.32
0.32
0.32
0.32
0.32
0.32
0.32
0.32
0.32
0.32
0.32
0.32
0.32
0.32
0.32
0.208
0.208
0.208
0.052
0.052
0.052
0.052
0.052
0.262
0.262
0.262
0.262
0.262
0.262
0.262
0.262
0.262
0.262
0.262
0.262
0.262
0.262
0.052
0.052
0.052
0.052
0.052
0.052
0.052
0.052
0.052
0.052
0.052
0.052
0.052
0.052
0.052
0.052
0.052
0.052
0.164
0.164
0.164
0.164
0.164
0.164
0.164
0.164
0.164
0.164
0.164
0.164
0.164
0.164
0.164
0.164
0.164
0.164
0.208
0.208
0.208
0.208
0.208
0.208
0.208
0.208
0.208
0.208
0.208
0.208
0.208
0.208
0.208
0.208
0.208
0.208
0.208
0.208
0.052
0.052
0.052
0.052
0.052
0.052
0.052
0.052
0.052
0.052
0.052
0.052
0.052
0.052
0.052
0.052
0.052
0.262
0.262
0.262
0.262
0.262
0.262
0.262
0.262
0.262
0.262
0.262
0.262
0.262
0.262
0.052
0.052
0.052
0.052
0.052
0.052
0.052
0.052
0.052
0.052
0.052
0.052
0.052
0.052
0.164
0.164
0.164
0.164
0.164
0.164
0.164
0.164
0.164
0.164
0.164
0.164
0.164
0.164
0.164
0.164
0.164
0.164
0.052
0.052
0.052
0.052
0.052
0.052
0.052
0.052
0.052
0.052
0.052
0.052
0.052
0.052
0.052
0.052
0.052
0.052
0.052
0.052
0.052
0.052
0.052
0.052
0.262
0.262
0.262
0.262
0.262
0.262
0.262
0.262
0.262
0.262
0.262
0.262
0.262
0.418
0.208
0.208
0.208
0.208
0.208
0.208
0.208
0.208
0.208
0.208
0.208
0.208
0.208
0.32
0.32
0.32
0.32
0.32
0.32
0.164
0.164
0.164
0.164
0.164
0.164
0.164
0.164
0.164
0.164
0.164
0.164
0.052
0.052
0.052
0.052
0.052
0.052
0.052
0.052
0.052
0.052
0.052
0.052
0.052
0.052
0.052
0.052
0.052
0.052
0.052
0.052
0.052
0.052
0.052
0.052
0.052
0.052
0.052
0.262
0.262
0.262
0.262
0.262
0.262
0.322
0.262
0.297
0.297
0.297
0.297
0.274
0.394
0.184
0.193
0.193
0.263
0.184
0.184
0.184
0.204
0.204
0.204
0.204
0.204
0.204
0.239
0.239
0.239
0.239
0.239
0.239
0.239
0.239
0.239
0.248
0.248
0.248
0.506
0.506
0.506
0.506
0.506
1.512
1.512
1.503
0.497
0.497
0.506
0.541
0.541
0.541
0.641
0.641
0.641
0.641
0.701
0.641
0.545
0.545
0.545
0.657
0.657
0.645
0.645
0.657
0.645
0.585
0.585
0.585
0.525
0.525
0.516
0.516
0.516
0.516
2.859
2.859
2.824
2.712
2.712
2.712
2.712
2.712
2.652
2.652
2.652
2.652
2.652
2.661
2.661
2.661
2.661
2.661
2.661
2.661
2.661
2.871
2.862
2.862
2.862
2.862
2.862
2.862
2.862
2.862
2.897
2.897
2.897
2.897
2.795
2.585
2.55
2.55
2.55
2.55
2.55
2.55
2.559
2.55
2.515
2.515
2.515
2.515
2.515
2.515
2.515
2.395
2.395
2.395
2.395
2.395
2.395
2.395
2.395
2.395
0.052
0.052
0.052
0.052
0.052
0.052
0.052
0.052
0.208
0.208
0.208
0.208
0.208
0.208
0.208
0.208
0.208
0.208
0.208
0.208
0.208
0.208
0.208
0.208
0.208
0.208
0.208
0.208
0.052
0.052
0.052
0.262
0.262
0.262
0.262
0.262
0.262
0.262
0.262
0.262
0.374
0.374
0.374
0.374
0.374
0.164
0.164
0.164
0.164
0.164
0.164
0.164
0.164
0.164
0.164
0.164
0.164
0.164
0.052
0.052
0.052
0.052
0.052
0.052
0.052
0.052
0.052
0.052
0.052
0.052
0.052
0.052
0.052
0.052
0.052
0.052
0.052
0.208
0.208
0.208
0.208
0.208
0.208
0.208
0.208
0.208
0.208
0.208
0.208
0.208
0.208
0.208
0.208
0.208
0.208
0.208
0.208
0.052
0.052
0.052
0.052
0.052
0.052
0.052
0.052
0.052
0.052
0.052
0.052
0.052
0.262
0.262
0.262
0.262
0.262
0.262
0.262
0.262
0.262
0.262
0.262
0.262
0.262
0.262
0.052
0.052
0.052
0.052
0.052
0.052
0.164
0.164
0.164
0.264
0.264
0.264
0.264
0.264
0.264
0.264
0.264
0.264
0.264
0.264
0.264
0.288
0.288
0.444
0.332
0.332
0.332
0.332
0.332
0.332
0.332
0.332
0.332
0.332
0.434
0.494
0.494
0.494
0.494
0.494
0.503
0.503
0.503
0.347
0.347
0.347
0.347
0.347
0.347
0.347
0.347
0.347
0.347
0.347
0.347
0.347
0.287
0.287
0.347
0.347
0.347
0.347
0.359
0.359
0.347
0.347
0.347
0.347
0.347
0.187
0.187
0.299
0.299
0.334
0.544
0.509
0.509
0.509
0.509
0.5
0.5
0.5
0.5
0.5
0.509
0.509
0.509
0.656
0.446
0.334
0.334
0.334
0.334
0.232
0.208
0.208
0.325
0.325
0.325
0.325
0.325
0.325
0.325
0.325
0.325
0.36
0.36
0.239
0.239
0.239
0.239
0.239
0.239
0.239
0.239
0.239
0.239
0.239
0.239
0.239
0.239
0.122
0.122
0.122
0.162
0.162
0.162
0.122
0.122
0.131
0.096
0.096
0.096
0.096
0.096
0.096
0.096
0.096
0.108
0.108
0.108
0.108
0.132
0.132
0.172
0.172
0.132
0.132
0.132
0.33
0.33
0.43
0.586
0.59
0.59
0.59
0.59
0.59
0.59
0.59
0.59
0.59
0.599
0.38
0.4
0.4
0.38
0.38
0.38
0.38
0.38
0.38
0.224
0.224
0.224
0.224
0.189
0.189
0.189
0.189
0.189
0.189
0.189
0.089
0.089
0.089
0.089
0.089
0.201
0.201
0.201
0.201
0.201
0.201
0.201
0.201
0.201
0.201
0.201
0.21
0.21
0.21
0.21
0.21
0.21
0.21
0.098
0.2
0.2
0.2
2.419
2.419
2.419
2.406
2.406
2.382
2.482
2.482
2.482
2.482
2.482
2.494
2.65
2.65
2.65
2.71
2.71
2.608
2.608
2.608
2.596
2.596
2.596
2.596
2.596
2.596
2.631
0.412
0.412
0.412
0.412
0.412
0.256
0.256
0.256
0.256
0.256
0.256
0.256
0.256
0.256
0.256
0.256
0.256
0.256
0.256
0.256
0.373
0.373
0.373
0.373
0.385
0.409
0.409
0.429
0.429
0.429
0.429
0.429
0.639
0.699
0.699
0.699
0.699
0.699
0.799
0.799
0.699
0.699
0.699
0.699
0.871
0.871
0.661
0.661
0.661
0.661
0.661
0.661
0.661
0.661
0.661
0.661
0.661
0.661
0.661
0.661
0.661
0.661
0.549
0.549
0.549
0.549
0.537
0.537
0.647
0.647
0.587
0.587
0.689
0.845
0.845
0.845
0.885
0.885
0.85
0.85
0.85
0.75
0.75
0.673
0.633
0.633
0.633
0.733
0.673
0.673
0.685
0.685
0.665
0.509
0.509
0.509
0.509
0.509
0.485
0.485
0.485
0.597
0.597
0.597
0.597
0.621
0.519
0.479
0.479
0.539
0.479
0.514
0.479
0.479
0.579
0.579
0.419
0.419
0.419
0.517
0.517
0.517
0.517
0.517
0.517
0.517
0.517
0.517
0.517
0.517
0.557
0.557
0.557
0.335
0.491
0.491
0.491
0.491
0.491
0.491
0.491
0.481
0.576
0.516
0.516
0.576
0.576
0.576
0.567
0.507
0.507
0.507
0.507
0.507
0.351
0.351
0.351
0.363
0.363
2.582
2.582
2.582
2.542
2.542
2.551
2.551
2.542
2.542
2.542
2.542
2.542
2.451
2.551
2.551
2.551
2.586
2.586
2.577
2.553
2.553
2.553
2.553
2.566
2.566
2.566
2.566
0.347
0.449
0.449
0.449
0.449
0.449
0.449
0.561
0.561
0.59
0.59
0.59
0.59
0.57
0.57
0.57
0.57
0.58
0.58
0.64
0.75
0.79
0.75
0.867
0.907
0.795
0.795
0.795
0.795
0.795
0.795
0.795
0.783
0.666
0.48
0.48
0.48
0.48
0.48
0.48
0.48
0.48
0.48
0.48
0.48
0.48
0.492
0.492
0.492
0.552
0.552
0.552
0.552
0.552
0.552
0.552
0.539
0.539
0.549
0.549
0.549
0.549
0.549
0.479
0.591
0.591
0.591
0.591
0.591
0.591
0.591
0.591
0.591
0.651
0.747
0.747
0.864
0.864
0.864
0.864
0.864
0.864
0.752
0.752
0.652
0.652
0.652
0.652
0.652
0.652
0.642
0.642
0.642
0.602
0.446
0.446
0.446
0.446
0.446
0.446
0.446
0.446
0.446
0.446
0.446
0.446
0.446
0.446
0.446
0.446
0.446
0.411
0.411
0.411
0.411
0.411
0.411
0.437
0.437
0.437
0.647
0.647
0.759
0.759
0.759
0.759
0.759
0.759
0.759
0.759
0.759
0.759
0.724
0.724
0.514
0.514
0.514
0.514
0.514
0.412
0.31
0.31
0.31
0.31
0.31
0.275
0.275
0.275
0.275
0.275
0.275
0.275
0.275
0.275
0.275
0.275
0.275
0.275
0.275
0.275
0.275
0.275
0.275
0.275
0.275
0.275
0.275
0.275
0.31
0.31
0.31
0.31
0.31
0.31
0.31
0.31
0.31
0.31
0.31
0.31
0.286
0.286
0.442
0.442
0.442
0.442
0.442
0.455
0.455
0.455
0.479
0.479
0.488
0.488
0.488
0.488
0.488
0.488
0.488
0.488
0.67
0.87
0.714
0.594
0.594
0.594
0.534
0.534
0.534
0.534
0.434
0.555
0.555
0.545
0.545
0.545
0.545
0.545
0.756
0.721
0.721
0.721
0.721
0.721
0.721
0.721
0.721
0.798
0.798
0.798
0.807
0.807
0.597
0.597
0.597
0.597
0.597
0.597
0.597
0.588
0.588
0.588
0.588
0.588
0.588
0.588
0.588
0.575
0.575
0.575
0.584
0.584
0.584
0.584
0.584
0.584
0.584
0.584
0.584
0.584
0.584
0.584
0.584
0.56
0.672
0.672
0.672
0.672
0.555
0.555
0.711
0.746
0.746
0.746
0.746
0.686
0.686
0.686
0.686
0.746
0.746
0.746
0.634
0.674
0.674
0.674
0.674
0.597
0.585
0.585
0.429
0.317
0.317
0.317
0.317
0.327
0.444
0.444
0.444
0.484
0.484
0.484
0.367
0.577
0.262
0.262
0.262
0.262
0.262
0.262
0.262
0.262
0.262
0.262
