0.052
0.052
0.052
0.052
0.052
0.052
0.052
0.052
0.052
0.112
0.052
0.052
0.052
0.052
0.052
0.052
0.052
0.052
0.052
0.052
0.052
0.052
0.052
0.052
0.052
0.052
0.052
0.052
0.052
0.052
0.052
0.052
0.052
0.052
0.052
0.052
0.052
0.052
0.052
0.052
0.052
0.052
0.052
0.052
0.052
0.052
0.052
0.052
0.052
0.052
0.052
0.052
0.052
0.052
0.052
0.052
0.052
0.052
0.052
0.052
0.052
0.052
0.052
0.052
0.052
0.052
0.052
0.052
0.052
0.052
0.052
0.052
0.052
0.052
0.052
0.052
0.187
0.187
0.187
0.187
0.187
0.187
0.187
0.187
0.187
0.187
0.187
0.187
0.187
0.187
0.187
0.187
0.187
0.187
0.187
0.187
0.052
0.052
0.052
0.052
0.052
0.052
0.052
0.052
0.052
0.052
0.052
0.052
0.052
0.052
0.052
0.052
0.052
0.052
0.052
0.052
0.052
0.052
0.052
0.052
0.052
0.052
0.052
0.229
0.229
0.229
0.229
0.229
0.229
0.229
0.229
0.229
0.229
0.229
0.229
0.229
0.229
0.052
0.052
0.052
0.052
0.052
0.052
0.052
0.052
0.052
0.052
0.187
0.187
0.187
0.187
0.187
0.187
0.187
0.187
0.187
0.187
0.187
0.187
0.187
0.187
0.187
0.187
0.187
0.187
0.187
0.187
0.052
0.052
0.052
0.052
0.052
0.052
0.052
0.052
0.052
0.052
0.052
0.052
0.052
0.052
0.052
0.052
0.052
0.052
0.052
0.052
0.052
0.052
0.052
0.052
0.052
0.052
0.229
0.229
0.229
0.229
0.229
0.229
0.229
0.229
0.229
0.229
0.229
0.229
0.229
0.229
0.052
0.052
0.052
0.187
0.187
0.187
0.187
0.187
0.187
0.187
0.187
0.187
0.187
0.187
0.187
0.187
0.187
0.187
0.187
0.187
0.187
0.187
0.187
0.052
0.052
0.052
0.052
0.052
0.052
0.052
0.052
0.052
0.052
0.052
0.052
0.052
0.158
0.158
0.158
0.158
0.158
0.158
0.158
0.158
0.158
0.158
0.158
0.158
0.158
0.158
0.158
0.158
0.158
0.158
0.052
0.052
0.052
0.052
0.052
0.052
0.052
0.052
0.052
0.052
0.187
0.364
0.364
0.364
0.364
0.364
0.364
0.364
0.364
0.364
0.364
0.364
0.364
0.364
0.364
0.187
0.187
0.187
0.187
0.187
0.052
0.052
0.052
0.052
0.052
0.052
0.158
0.158
0.158
0.158
0.158
0.158
0.158
0.158
0.158
0.158
0.158
0.158
0.158
0.158
0.158
0.158
0.158
0.158
0.052
0.052
0.052
0.052
0.052
0.052
0.052
0.052
0.052
0.052
0.052
0.052
0.052
0.052
0.052
0.052
0.052
0.052
0.052
0.052
0.052
0.052
0.052
0.052
0.052
0.052
0.052
0.052
0.052
0.052
0.052
0.052
0.052
0.052
0.052
0.052
0.052
0.052
0.052
0.052
0.052
0.052
0.052
0.052
0.052
0.158
0.293
0.293
0.293
0.293
0.293
0.293
0.293
0.293
0.293
0.293
0.293
0.293
0.293
0.293
0.293
0.293
0.293
0.187
0.187
0.187
0.052
0.052
0.052
0.052
0.052
0.052
0.052
0.052
0.052
0.052
0.052
0.052
0.052
0.052
0.052
0.052
0.052
0.052
0.052
0.052
0.052
0.052
0.052
0.052
0.052
0.052
0.052
0.052
0.052
0.052
0.052
0.052
0.052
0.052
0.052
0.052
0.052
0.229
0.229
0.229
0.229
0.229
0.229
0.229
0.229
0.229
0.229
0.229
0.335
0.395
0.395
0.218
0.218
0.353
0.353
0.353
0.353
0.353
0.353
0.353
0.353
0.353
0.353
0.353
0.353
0.353
0.187
0.187
0.187
0.187
0.187
0.287
0.347
0.212
0.212
0.362
0.362
0.402
0.342
0.342
0.342
0.342
0.342
0.392
0.432
0.392
0.392
0.392
0.392
0.242
0.242
0.242
0.202
0.202
0.202
0.282
0.282
0.282
0.342
0.342
0.342
0.342
0.342
0.292
0.442
0.442
0.442
0.442
0.502
0.442
0.442
0.442
0.442
0.442
0.442
0.442
0.442
0.442
0.442
0.442
0.442
0.577
0.577
0.577
0.627
0.727
0.873
1.033
0.933
0.293
0.293
0.293
0.293
0.293
0.293
0.293
0.293
0.293
0.293
0.293
0.293
0.158
0.158
0.158
0.052
0.052
0.052
0.052
0.052
0.052
0.052
0.052
0.052
0.052
0.052
0.052
0.052
0.052
0.052
0.052
0.052
0.052
0.229
0.229
0.229
0.229
0.229
0.229
0.229
0.229
0.229
0.229
0.229
0.229
0.229
0.229
0.052
0.052
0.052
0.052
0.052
0.052
0.052
0.158
0.158
0.158
0.158
0.158
0.158
0.158
0.293
0.293
0.293
0.293
0.293
0.293
0.293
0.293
0.293
0.293
0.293
0.187
0.187
0.187
0.187
0.187
0.187
0.187
0.187
0.187
0.052
0.052
0.052
0.052
0.052
0.052
0.052
0.052
0.052
0.052
0.052
0.052
0.052
0.052
0.052
0.052
0.052
0.052
0.052
0.052
0.052
0.052
0.052
0.052
0.229
0.229
0.229
0.229
0.229
0.229
0.229
0.229
0.229
0.229
0.229
0.229
0.229
0.229
0.052
0.052
0.052
0.052
0.052
0.052
0.052
0.052
0.052
0.052
0.052
0.052
0.052
0.052
0.052
0.187
0.187
0.187
0.187
0.187
0.187
0.187
0.187
0.187
0.187
0.187
0.187
0.187
0.187
0.187
0.187
0.187
0.187
0.187
0.187
0.052
0.052
0.052
0.158
0.158
0.158
0.158
0.158
0.158
0.158
0.158
0.158
0.158
0.158
0.158
0.158
0.158
0.158
0.158
0.158
0.158
0.052
0.052
0.052
0.052
0.229
0.229
0.229
0.229
0.229
0.229
0.229
0.229
0.229
0.229
0.229
0.229
0.229
0.229
0.052
0.052
0.052
0.052
0.052
0.052
0.052
0.052
0.052
0.052
0.052
0.052
0.052
0.052
0.052
0.187
0.187
0.187
0.187
0.187
0.187
0.187
0.187
0.187
0.187
0.187
0.187
0.187
0.187
0.187
0.187
0.187
0.187
0.187
0.187
0.052
0.052
0.052
0.052
0.052
0.052
0.052
0.052
0.052
0.052
0.052
0.052
0.052
0.052
0.052
0.052
0.052
0.052
0.052
0.052
0.052
0.052
0.229
0.229
0.229
0.229
0.229
0.229
0.229
0.229
0.229
0.229
0.229
0.229
0.229
0.229
0.052
0.052
0.052
0.052
0.052
0.052
0.052
0.052
0.052
0.052
0.052
0.052
0.052
0.052
0.052
0.052
0.052
0.052
0.052
0.052
0.052
0.052
0.052
0.052
0.052
0.052
0.052
0.052
0.052
0.052
0.052
0.052
0.052
0.052
0.187
0.187
0.187
0.187
0.187
0.187
0.187
0.187
0.187
0.187
0.187
0.187
0.187
0.187
0.187
0.187
0.187
0.187
0.187
0.187
0.052
0.052
0.052
0.052
0.052
0.229
0.229
0.229
0.229
0.229
0.229
0.229
0.229
0.229
0.229
0.229
0.229
0.229
0.229
0.052
0.052
0.052
0.052
0.052
0.052
0.052
0.052
0.052
0.052
0.052
0.052
0.052
0.052
0.052
0.052
0.052
0.052
0.052
0.052
0.052
0.052
0.052
0.052
0.052
0.187
0.187
0.187
0.187
0.187
0.187
0.187
0.187
0.187
0.187
0.187
0.187
0.187
0.187
0.187
0.187
0.187
0.187
0.187
0.187
0.052
0.052
0.158
0.158
0.158
0.158
0.158
0.158
0.158
0.158
0.158
0.158
0.158
0.158
0.158
0.335
0.335
0.335
0.335
0.335
0.229
0.229
0.229
0.229
0.229
0.229
0.229
0.229
0.229
0.052
0.052
0.052
0.052
0.052
0.052
0.052
0.052
0.052
0.052
0.052
0.052
0.052
0.052
0.052
0.052
0.052
0.052
0.052
0.052
0.052
0.177
0.177
0.177
0.237
0.372
0.372
0.372
0.372
0.372
0.372
0.372
0.372
0.372
0.372
0.372
0.372
0.372
0.372
0.531
0.591
0.441
0.496
0.436
0.436
0.246
0.237
0.237
0.237
0.297
0.237
0.324
0.264
0.264
0.264
0.264
0.264
0.264
0.461
0.401
0.401
0.401
0.401
0.401
0.401
0.401
0.401
0.561
0.561
0.475
0.475
0.475
0.298
0.338
0.338
0.338
0.338
0.338
0.338
0.338
0.338
0.338
0.338
0.338
0.338
0.398
0.398
0.398
0.398
0.504
0.504
0.564
0.564
0.484
0.504
0.504
0.504
0.504
0.504
0.504
0.484
0.484
0.524
0.524
0.524
0.484
0.484
0.378
0.378
0.378
0.378
0.378
0.378
0.447
0.387
0.387
0.387
0.387
0.427
0.427
0.427
0.427
0.427
0.427
0.4
0.3
0.3
0.3
0.3
0.3
0.327
0.327
0.327
0.327
0.327
0.327
0.327
0.327
0.459
0.459
0.459
0.459
0.445
0.445
0.545
0.545
0.559
0.559
0.459
0.459
0.459
0.636
0.782
0.928
0.928
0.908
0.959
0.959
0.959
0.959
0.959
1.059
0.928
0.928
0.908
0.731
0.731
0.731
0.791
0.791
0.685
0.745
0.754
0.754
0.694
0.694
0.634
0.634
0.634
0.634
0.625
0.625
0.49
0.49
0.55
0.55
0.55
0.55
0.55
0.55
0.6
0.6
0.614
0.614
0.614
0.614
0.489
0.489
0.449
0.449
0.599
0.539
0.539
0.512
0.612
0.672
0.672
0.672
0.672
0.778
0.778
0.678
0.678
0.678
0.678
0.718
0.718
0.718
0.718
0.704
0.764
0.764
0.764
0.941
1.001
1.001
0.951
0.845
0.845
0.905
0.905
0.845
0.845
0.94
0.94
0.88
0.88
0.703
0.703
0.763
0.763
0.763
0.763
0.855
0.855
0.875
0.815
0.815
0.795
0.795
0.795
0.795
0.781
0.646
0.7
0.76
1.145
1.145
1.145
1.145
0.76
0.78
0.78
0.72
0.72
0.72
0.62
0.629
0.62
0.62
0.62
0.62
0.62
0.62
0.62
0.62
0.62
0.62
0.495
0.495
0.495
0.475
0.695
0.735
0.901
0.861
0.861
0.861
0.801
0.888
0.888
0.888
0.888
0.801
0.741
0.741
0.741
0.741
0.741
0.741
0.841
0.841
0.735
0.87
0.879
0.879
0.779
0.63
0.63
0.63
0.63
0.69
0.867
0.993
1.104
1.104
1.077
1.177
1.217
1.177
1.177
1.057
0.997
0.822
0.822
0.822
0.705
0.705
0.765
0.852
0.852
0.842
0.902
0.752
0.812
0.872
0.812
0.812
0.812
0.808
0.683
0.683
0.683
0.557
0.557
0.617
0.677
0.677
0.677
0.617
0.617
0.617
0.617
0.727
0.727
0.727
0.727
0.621
0.585
0.525
0.525
0.525
0.525
0.525
0.525
0.525
0.525
0.525
0.525
0.525
0.525
0.525
0.525
0.525
0.525
0.585
0.585
0.585
0.585
0.72
0.72
0.72
0.72
0.897
0.897
0.857
0.837
0.837
0.897
0.897
0.897
0.837
0.837
0.837
0.797
0.797
0.797
0.62
0.68
0.67
0.776
0.776
0.749
0.749
0.749
0.758
0.758
0.758
0.758
0.758
0.813
0.813
0.813
0.863
0.863
0.863
0.863
0.863
0.748
0.748
0.748
0.748
0.748
0.748
0.748
0.748
0.748
0.748
0.748
0.748
0.808
0.808
0.808
0.748
0.748
0.748
0.688
0.688
0.556
0.556
0.556
0.556
0.556
0.691
0.841
0.841
0.841
0.841
0.841
0.841
0.841
0.841
0.967
0.967
0.967
0.967
0.967
0.967
0.967
1.073
1.073
1.073
1.193
1.003
0.943
1.12
1.12
1.12
1.12
1.18
1.18
1.18
1.18
1.18
1.18
1.18
1.18
1.074
1.074
0.897
0.957
0.957
0.957
0.957
0.771
0.771
0.771
0.771
0.771
0.052
0.052
0.052
0.052
0.052
0.052
0.052
0.052
0.052
0.052
0.052
0.052
0.052
0.052
0.187
0.187
0.187
0.187
0.187
0.187
0.187
0.187
0.187
0.187
0.187
0.187
0.187
0.187
0.187
0.187
