0.052
0.052
0.052
0.052
0.052
0.052
0.052
0.052
0.052
0.052
0.052
0.052
0.052
0.052
0.052
0.052
0.052
0.052
0.052
0.052
0.052
0.052
0.052
0.052
0.052
0.052
0.052
0.052
0.052
0.052
0.052
0.052
0.052
0.052
0.052
0.052
0.052
0.052
0.052
0.052
0.052
0.052
0.052
0.052
0.052
0.052
0.052
0.052
0.052
0.052
0.206
0.206
0.206
0.206
0.206
0.206
0.206
0.206
0.206
0.369
0.369
0.369
0.369
0.369
0.369
0.369
0.369
0.369
0.369
0.369
0.215
0.215
0.215
0.052
0.052
0.052
0.052
0.052
0.052
0.052
0.052
0.052
0.052
0.052
0.052
0.052
0.052
0.052
0.052
0.052
0.052
0.052
0.052
0.052
0.052
0.052
0.052
0.052
0.052
0.052
0.052
0.052
0.052
0.052
0.052
0.052
0.052
0.052
0.052
0.052
0.052
0.052
0.052
0.052
0.052
0.052
0.052
0.052
0.052
0.052
0.052
0.052
0.052
0.052
0.206
0.206
0.206
0.206
0.206
0.206
0.206
0.206
0.206
0.206
0.206
0.206
0.206
0.206
0.206
0.369
0.369
0.369
0.369
0.369
0.215
0.215
0.215
0.215
0.215
0.215
0.215
0.215
0.215
0.052
0.052
0.052
0.052
0.052
0.052
0.052
0.052
0.052
0.052
0.052
0.052
0.052
0.052
0.052
0.052
0.052
0.052
0.153
0.153
0.153
0.153
0.153
0.153
0.153
0.153
0.153
0.153
0.153
0.153
0.153
0.153
0.153
0.153
0.153
0.153
0.052
0.052
0.052
0.052
0.052
0.052
0.052
0.052
0.052
0.052
0.052
0.052
0.052
0.052
0.052
0.206
0.206
0.206
0.206
0.206
0.206
0.206
0.206
0.206
0.206
0.206
0.206
0.206
0.206
0.206
0.206
0.206
0.206
0.206
0.206
0.052
0.052
0.052
0.215
0.215
0.215
0.215
0.316
0.316
0.316
0.316
0.316
0.316
0.316
0.316
0.316
0.316
0.153
0.153
0.153
0.153
0.153
0.153
0.153
0.153
0.052
0.052
0.052
0.052
0.052
0.052
0.052
0.052
0.052
0.052
0.052
0.052
0.052
0.052
0.052
0.052
0.206
0.206
0.206
0.206
0.206
0.206
0.206
0.206
0.206
0.206
0.206
0.206
0.206
0.206
0.206
0.206
0.206
0.206
0.206
0.206
0.052
0.052
0.052
0.052
0.052
0.052
0.052
0.052
0.052
0.052
0.052
0.052
0.052
0.052
0.215
0.215
0.215
0.215
0.215
0.215
0.215
0.215
0.215
0.215
0.215
0.215
0.215
0.215
0.052
0.052
0.052
0.052
0.052
0.052
0.052
0.052
0.052
0.052
0.153
0.153
0.153
0.153
0.153
0.153
0.153
0.153
0.153
0.153
0.153
0.307
0.307
0.307
0.307
0.307
0.307
0.307
0.206
0.206
0.206
0.206
0.206
0.206
0.206
0.206
0.206
0.206
0.206
0.206
0.206
0.052
0.052
0.112
0.112
0.112
0.112
0.112
0.112
0.112
0.112
0.172
0.172
0.247
0.247
0.247
0.247
0.247
0.247
0.247
0.247
0.247
0.247
0.247
0.247
0.247
0.247
0.583
0.583
0.583
0.686
0.35
0.466
0.466
0.466
0.466
0.466
0.466
0.466
0.466
0.466
0.466
0.546
0.546
0.383
0.383
0.383
0.383
0.383
0.383
0.383
0.383
0.383
0.383
0.484
0.484
0.496
0.496
0.496
0.65
0.65
0.65
0.65
0.65
0.65
0.65
0.65
0.65
0.65
0.65
0.65
0.65
0.549
0.549
0.549
0.549
0.549
0.549
0.549
0.395
0.395
0.395
0.335
0.26
0.26
0.26
0.26
0.26
0.26
0.26
0.26
0.26
0.26
0.26
0.32
0.32
0.32
0.32
0.32
0.32
0.32
0.32
0.24
0.18
0.18
0.18
0.18
0.343
0.343
0.343
0.343
0.343
0.343
0.343
0.343
0.343
0.331
0.331
0.331
0.331
0.331
0.168
0.168
0.322
0.322
0.322
0.322
1.911
1.911
1.911
1.911
1.911
2.012
2.012
2.012
2.012
2.012
2.012
2.012
2.012
2.012
2.012
2.012
1.858
1.858
1.858
1.858
0.153
0.153
0.153
0.052
0.052
0.052
0.052
0.052
0.052
0.052
0.052
0.052
0.052
0.052
0.052
0.052
0.052
0.052
0.052
0.052
0.052
0.052
0.052
0.052
0.052
0.052
0.052
0.052
0.052
0.052
0.215
0.215
0.215
0.215
0.215
0.215
0.215
0.215
0.215
0.215
0.331
0.432
0.432
0.432
0.269
0.269
0.269
0.269
0.269
0.269
0.269
0.269
0.269
0.269
0.269
0.269
0.304
0.304
0.304
0.31
0.31
0.31
0.31
0.31
0.31
0.321
0.475
0.475
0.475
0.368
0.368
0.368
0.368
0.38
0.38
0.38
0.38
0.38
0.38
0.38
0.38
0.38
0.38
0.38
0.38
0.38
0.226
0.226
0.226
0.226
0.226
0.226
0.226
0.226
0.226
0.266
0.266
0.266
0.266
0.226
0.226
0.226
0.226
0.226
0.238
0.238
0.238
0.238
0.401
0.401
0.401
0.389
0.389
0.389
0.389
0.389
0.389
0.389
0.389
0.389
0.389
0.389
0.226
0.226
0.226
0.226
0.226
0.226
0.226
0.191
0.191
0.332
0.332
0.32
0.474
0.474
0.474
0.474
0.463
0.463
0.463
0.423
0.423
0.423
0.423
0.423
0.423
0.423
0.423
0.322
0.322
0.322
0.322
0.322
0.168
0.504
0.504
0.504
0.504
0.168
0.168
0.168
0.168
0.168
0.168
0.168
0.168
0.168
0.168
0.168
0.168
0.168
0.168
0.168
0.168
0.168
0.168
0.168
0.168
0.168
0.168
0.168
0.331
0.331
0.331
0.331
0.331
0.331
0.331
0.331
0.331
1.476
1.476
1.476
0.331
0.331
0.168
0.318
0.318
0.318
0.318
0.318
0.318
0.419
0.419
0.419
0.419
0.419
0.419
0.419
0.419
0.419
0.419
0.419
0.419
0.419
0.419
0.419
0.419
0.419
0.419
0.318
0.318
0.318
0.318
0.202
0.202
0.202
0.202
0.202
0.202
0.202
0.202
0.202
0.202
0.202
0.202
0.202
0.356
0.356
0.356
0.356
2.409
2.409
2.409
2.409
2.409
2.409
2.409
2.409
2.409
2.409
2.409
2.572
2.572
2.572
2.572
2.572
2.418
2.418
2.519
2.519
4.108
4.108
4.108
4.108
4.108
3.945
3.945
1.892
1.892
1.892
1.892
1.892
1.892
1.892
1.892
1.892
1.791
1.791
1.791
1.791
0.202
0.202
0.202
0.202
0.202
0.202
0.202
0.202
0.202
0.202
0.202
0.202
0.202
0.202
0.202
0.202
0.356
0.356
0.356
0.356
0.356
0.356
0.356
0.356
0.356
0.356
0.356
0.356
0.356
0.356
0.356
0.356
0.356
0.356
0.356
0.356
0.202
0.303
0.303
0.303
0.303
0.303
0.303
0.303
0.303
0.303
0.303
0.303
0.153
0.153
0.153
0.153
0.316
0.316
0.316
0.215
0.215
0.215
0.215
0.215
0.215
0.215
0.215
0.215
0.215
0.215
0.052
0.052
0.052
0.052
0.052
0.052
0.052
0.052
0.052
0.052
0.052
0.052
0.052
0.206
0.206
0.206
0.206
0.206
0.206
0.206
0.206
0.206
0.206
0.206
0.206
0.206
0.206
0.206
0.206
0.206
0.206
0.206
0.206
0.052
0.052
0.052
0.052
0.052
0.052
0.052
0.052
0.052
0.052
0.052
0.052
0.052
0.052
0.052
0.052
0.052
0.052
0.052
0.052
0.052
0.052
0.052
0.052
0.215
0.215
0.215
0.316
0.316
0.316
0.316
0.316
0.316
0.316
0.316
0.316
0.316
0.316
0.153
0.153
0.153
0.153
0.307
0.307
0.307
0.206
0.206
0.206
0.206
0.206
0.206
0.206
0.206
0.206
0.206
0.206
0.206
0.206
0.206
0.206
0.206
0.206
0.052
0.052
0.052
0.052
0.052
0.052
0.052
0.052
0.052
0.052
0.052
0.052
0.052
0.052
0.052
0.052
0.052
0.052
0.052
0.052
0.052
0.052
0.052
0.052
0.052
0.052
0.052
0.052
0.052
0.052
0.052
0.052
0.052
0.052
0.052
0.052
0.052
0.052
0.052
0.052
0.052
0.052
0.052
0.052
0.206
0.206
0.206
0.206
0.206
0.206
0.206
0.369
0.369
0.369
0.369
0.47
0.47
0.47
0.47
0.47
0.47
0.47
0.47
0.47
0.316
0.153
0.153
0.153
0.153
0.153
0.153
0.153
0.153
0.052
0.052
0.052
0.052
0.052
0.052
0.052
0.052
0.052
0.052
0.052
0.052
0.052
0.052
0.052
0.052
0.052
0.052
0.052
0.052
0.052
0.052
0.052
0.052
0.052
0.052
0.052
0.052
0.052
0.052
0.052
0.052
0.052
0.052
0.052
0.052
0.052
0.052
0.052
0.052
0.052
0.052
0.052
0.052
0.153
0.153
0.153
0.153
0.153
0.153
0.153
0.153
0.153
0.153
0.153
0.153
0.153
0.153
0.153
0.153
0.153
0.153
0.052
0.052
0.052
0.052
0.052
0.215
0.215
0.369
0.369
0.369
0.369
0.369
0.369
0.369
0.369
0.369
0.369
0.369
0.369
0.206
0.206
0.206
0.206
0.206
0.206
0.206
0.206
0.052
0.052
0.052
0.052
0.052
0.052
0.052
0.052
0.052
0.052
0.052
0.052
0.052
0.052
0.052
0.052
0.052
0.052
0.153
0.153
0.153
0.153
0.153
0.153
0.153
0.153
0.153
0.153
0.153
0.153
0.153
0.153
0.153
0.153
0.153
0.153
0.052
0.052
0.052
0.052
0.052
0.052
0.052
0.052
0.052
0.052
0.052
0.052
0.215
0.215
0.215
0.215
0.215
0.215
0.369
0.369
0.369
0.369
0.369
0.369
0.369
0.369
0.206
0.206
0.206
0.206
0.206
0.206
0.206
0.206
0.206
0.206
0.206
0.206
0.052
0.052
0.052
0.052
0.052
0.052
0.052
0.052
0.052
0.052
0.052
0.052
0.052
0.052
0.052
0.052
0.052
0.052
0.052
0.052
0.052
0.052
0.052
0.052
0.052
0.052
0.052
0.052
0.052
0.052
0.052
0.202
0.202
0.262
0.262
0.262
0.202
0.202
0.202
0.202
0.202
0.202
0.202
0.202
0.202
0.202
0.202
0.202
0.202
0.309
0.309
0.309
0.309
0.309
0.309
0.309
0.309
0.309
0.309
0.309
0.309
0.309
0.309
0.309
0.41
0.41
0.41
0.41
0.41
0.41
0.41
0.41
0.41
0.41
0.526
0.526
0.526
0.526
0.586
0.598
0.598
0.748
0.647
0.647
0.647
0.647
0.647
0.647
0.647
0.647
0.647
0.647
0.647
0.647
0.647
0.647
0.497
0.651
0.849
0.909
0.909
0.909
0.909
0.909
0.92
0.92
0.92
0.92
0.92
0.92
0.92
0.92
0.757
0.757
0.757
1.057
1.057
0.603
0.603
0.603
0.603
0.753
0.753
0.753
0.753
0.753
0.603
0.663
0.663
0.663
0.496
0.436
0.436
0.436
0.376
0.376
0.376
0.376
0.376
0.376
0.376
0.376
0.376
0.476
0.476
0.476
0.476
0.583
0.571
0.571
0.571
0.571
0.571
0.571
0.606
0.506
0.506
0.506
0.607
0.761
0.761
0.761
0.726
0.726
0.726
0.726
0.826
0.826
0.826
0.826
0.826
0.791
0.791
0.791
0.791
0.791
0.69
0.679
0.679
0.525
0.525
0.537
0.537
0.537
0.7
0.7
0.6
0.6
0.6
0.6
0.6
0.6
0.66
0.66
0.66
0.66
0.66
0.66
0.497
0.437
0.437
0.437
0.437
0.437
0.437
0.773
0.773
0.773
0.773
0.437
0.437
0.437
0.437
0.437
0.472
0.472
0.472
0.472
0.472
0.472
0.472
0.512
0.666
0.666
0.666
0.816
0.816
1.152
1.152
1.152
1.152
0.666
0.666
0.559
0.559
0.559
0.519
0.519
0.519
0.519
0.519
0.507
0.353
0.353
0.353
0.353
0.353
0.353
0.428
0.529
0.529
0.529
0.636
0.636
0.636
0.636
0.636
0.636
0.636
0.636
0.636
