0.053
0.053
0.053
0.053
0.053
0.053
0.053
0.053
0.053
0.053
0.053
0.053
0.053
0.053
0.053
0.053
0.053
0.053
0.053
0.053
0.053
0.053
0.053
0.053
0.053
0.053
0.053
0.053
0.053
0.053
0.053
0.053
0.053
0.053
0.053
0.053
0.053
0.053
0.053
0.053
0.053
0.053
0.053
0.053
0.053
0.053
0.053
0.053
0.053
0.053
0.215
0.38
0.38
0.38
0.38
0.38
0.38
0.38
0.537
0.537
0.537
0.537
0.537
0.537
0.537
0.372
0.372
0.372
0.372
0.372
0.21
0.21
0.21
0.21
0.21
0.21
0.21
0.21
0.21
0.21
0.053
0.053
0.053
0.053
0.053
0.053
0.053
0.053
0.053
0.053
0.053
0.053
0.053
0.053
0.053
0.053
0.053
0.053
0.053
0.053
0.053
0.053
0.053
0.053
0.053
0.053
0.053
0.053
0.053
0.053
0.053
0.053
0.053
0.053
0.053
0.053
0.053
0.053
0.215
0.215
0.215
0.215
0.215
0.215
0.215
0.215
0.215
0.215
0.215
0.215
0.215
0.215
0.38
0.38
0.38
0.38
0.38
0.38
0.218
0.218
0.218
0.218
0.218
0.218
0.218
0.218
0.053
0.053
0.053
0.053
0.053
0.053
0.053
0.053
0.053
0.053
0.053
0.053
0.053
0.053
0.053
0.053
0.053
0.053
0.053
0.053
0.21
0.21
0.21
0.21
0.21
0.21
0.21
0.21
0.21
0.21
0.21
0.21
0.21
0.21
0.21
0.21
0.21
0.21
0.21
0.21
0.21
0.21
0.053
0.053
0.053
0.053
0.053
0.053
0.053
0.053
0.053
0.053
0.053
0.053
0.053
0.053
0.053
0.053
0.053
0.053
0.053
0.218
0.218
0.218
0.218
0.218
0.218
0.218
0.218
0.218
0.218
0.218
0.218
0.218
0.218
0.053
0.053
0.053
0.053
0.053
0.053
0.053
0.053
0.053
0.053
0.053
0.053
0.053
0.053
0.053
0.053
0.053
0.053
0.053
0.053
0.053
0.053
0.053
0.053
0.053
0.053
0.053
0.053
0.053
0.053
0.053
0.053
0.053
0.053
0.053
0.053
0.053
0.21
0.21
0.21
0.21
0.21
0.21
0.21
0.21
0.21
0.21
0.21
0.21
0.21
0.21
0.21
0.21
0.21
0.21
0.21
0.21
0.21
0.21
0.053
0.053
0.053
0.053
0.218
0.218
0.218
0.218
0.218
0.218
0.218
0.218
0.218
0.218
0.218
0.218
0.218
0.218
0.053
0.053
0.053
0.053
0.053
0.053
0.053
0.053
0.053
0.053
0.053
0.053
0.053
0.053
0.053
0.053
0.053
0.053
0.053
0.215
0.215
0.215
0.215
0.215
0.215
0.215
0.215
0.215
0.215
0.215
0.215
0.215
0.215
0.215
0.215
0.215
0.215
0.215
0.215
0.053
0.053
0.053
0.053
0.053
0.053
0.053
0.053
0.053
0.053
0.053
0.053
0.053
0.053
0.21
0.21
0.21
0.21
0.21
0.21
0.21
0.21
0.21
0.21
0.21
0.21
0.21
0.21
0.21
0.21
0.21
0.21
0.21
0.21
0.21
0.21
0.053
0.053
0.053
0.053
0.053
0.053
0.053
0.053
0.053
0.053
0.053
0.053
0.053
0.053
0.053
0.053
0.053
0.053
0.053
0.215
0.215
0.215
0.215
0.215
0.215
0.215
0.215
0.215
0.215
0.215
0.215
0.215
0.215
0.215
0.215
0.215
0.215
0.215
0.215
0.053
0.053
0.053
0.218
0.218
0.218
0.218
0.218
0.375
0.375
0.375
0.375
0.375
0.375
0.435
0.435
0.435
0.27
0.27
0.27
0.27
0.27
0.33
0.33
0.33
0.33
0.404
0.339
2.366
2.366
2.209
0.182
0.182
0.182
0.182
0.182
0.182
0.122
0.122
0.122
0.122
0.122
0.182
0.182
0.278
0.278
0.278
0.278
0.278
0.278
0.278
0.378
0.438
2.551
2.551
2.651
0.564
0.398
0.458
0.458
0.458
0.62
0.62
0.62
0.68
0.68
0.68
0.68
0.68
0.68
2.767
2.767
2.767
0.68
0.68
1.077
1.017
1.017
1.077
0.905
0.945
0.723
0.783
0.783
0.783
0.843
0.843
0.843
0.843
0.843
0.843
0.783
0.783
0.558
0.563
0.563
0.563
0.623
0.623
0.563
0.563
0.72
0.72
0.72
0.72
0.78
0.892
0.927
0.915
0.915
0.855
0.82
0.755
0.746
0.781
0.781
0.781
0.781
0.781
0.781
0.781
0.781
0.781
0.624
0.624
0.633
0.633
0.795
0.855
0.855
0.855
0.855
0.735
0.735
0.735
0.735
0.775
0.775
0.675
0.675
0.735
0.735
0.675
0.675
0.675
0.675
0.675
0.513
0.573
0.533
0.533
0.533
0.533
0.533
0.633
0.693
0.693
0.693
2.78
2.78
2.78
0.693
0.693
0.809
0.809
0.869
0.869
0.869
0.709
0.709
0.709
0.769
0.769
0.774
0.774
0.874
0.809
0.749
0.789
0.689
0.846
0.866
2.953
2.953
2.953
0.866
0.806
0.866
0.866
0.806
0.806
0.806
0.868
0.868
0.928
0.928
1.093
1.093
1.093
1.193
1.193
1.133
0.976
0.976
0.976
0.976
0.976
0.976
0.925
0.937
0.772
0.772
0.533
0.533
0.533
0.533
0.533
0.533
0.598
0.598
0.533
0.533
0.533
0.533
0.593
0.593
0.533
0.593
0.653
0.653
0.653
0.593
2.68
2.671
2.671
0.584
0.584
0.584
0.584
0.584
0.584
0.584
0.584
0.584
0.524
0.524
0.449
0.518
0.518
0.553
0.553
0.553
0.553
0.553
0.553
0.553
0.715
0.715
0.715
0.706
0.766
0.766
0.766
0.923
0.923
0.923
0.963
0.963
0.963
0.963
1.063
1.063
1.063
1.228
1.228
1.228
1.006
0.946
0.946
0.946
0.946
0.946
0.846
0.846
0.855
0.689
0.689
0.524
0.524
0.489
0.489
0.389
0.389
0.389
0.449
0.449
0.489
0.449
0.449
0.559
0.679
0.679
0.619
0.619
0.619
0.619
0.619
0.559
0.519
0.519
0.519
0.519
0.519
0.579
0.579
0.579
0.741
0.801
2.72
2.72
2.72
2.72
2.72
2.72
2.76
2.76
2.76
2.76
2.76
2.76
2.72
2.72
2.66
2.66
2.66
2.72
2.558
2.558
2.558
2.498
2.498
2.498
2.548
2.548
2.392
0.533
0.533
0.533
0.533
0.533
0.533
0.798
0.907
0.942
0.942
0.942
0.942
0.942
0.942
0.942
1.002
1.002
1.002
1.002
1.002
0.828
0.778
0.778
0.778
0.778
0.878
0.878
0.878
0.934
0.934
0.994
0.894
0.934
0.934
0.934
0.934
1.096
1.096
1.096
1.253
1.253
1.262
1.262
1.322
1.322
1.322
1.322
1.322
1.322
1.322
1.322
1.262
1.262
1.262
1.262
1.262
1.04
1.052
1.052
1.052
1.103
0.946
0.946
0.946
0.946
0.946
0.946
0.886
0.776
0.776
0.836
0.836
0.936
0.936
0.936
0.936
0.936
0.936
0.936
0.936
1.101
1.101
1.101
1.081
0.961
0.961
0.961
0.961
0.961
0.961
0.861
0.861
0.861
0.861
0.696
0.696
0.696
0.696
0.696
0.796
0.796
0.796
0.796
0.736
0.898
0.898
0.898
0.858
0.858
0.918
0.918
0.883
0.883
0.883
1.04
1.052
1.052
1.052
1.052
1.052
1.052
1.052
1.052
1.052
0.89
0.83
0.83
0.83
0.83
0.83
0.818
0.818
0.818
0.818
0.818
0.818
0.661
0.661
0.661
0.696
0.696
0.696
0.696
0.636
0.636
0.636
0.736
0.796
0.796
0.696
0.861
0.861
0.861
0.861
0.961
0.961
0.961
0.961
0.921
0.921
0.921
0.861
0.861
0.761
0.596
0.596
0.596
0.758
0.858
0.858
0.918
0.878
0.878
0.843
0.843
0.843
0.783
0.823
0.858
0.858
0.858
0.993
0.993
0.933
0.933
0.968
0.968
0.806
0.806
0.861
0.901
0.901
0.841
0.731
0.731
0.731
0.659
0.719
0.739
0.719
0.876
0.876
0.936
0.936
0.936
0.836
0.781
0.781
0.781
0.741
0.861
0.861
0.761
0.801
0.801
0.801
0.741
0.741
0.741
0.741
0.906
0.906
0.749
0.218
0.218
0.218
0.218
0.218
0.218
0.218
0.218
0.218
0.218
0.218
0.053
0.053
0.053
0.053
0.053
0.053
0.053
0.053
0.053
0.053
0.053
0.053
0.053
0.053
0.053
0.053
0.053
0.053
0.053
0.053
0.053
0.053
0.053
0.053
0.053
0.053
0.053
0.053
0.053
0.053
0.053
0.053
0.053
0.053
0.053
0.053
0.053
0.053
0.053
0.053
0.21
0.21
0.21
0.21
0.21
0.21
0.21
0.21
0.21
0.21
0.21
0.21
0.21
0.21
0.21
0.21
0.21
0.21
0.21
0.21
0.21
0.21
0.053
0.053
0.053
0.053
0.053
0.053
0.053
0.053
0.053
0.053
0.053
0.053
0.053
0.215
0.215
0.215
0.215
0.38
0.38
0.38
0.38
0.38
0.38
0.38
0.38
0.38
0.38
0.38
0.38
0.38
0.38
0.215
0.215
0.053
0.053
0.053
0.053
0.053
0.053
0.053
0.053
0.053
0.053
0.053
0.053
0.053
0.053
0.209
0.309
0.309
0.209
0.366
0.366
0.476
0.586
0.706
0.706
0.646
0.706
0.596
0.596
0.536
0.536
0.536
0.536
0.536
0.591
0.591
0.591
0.591
0.643
0.643
0.643
0.486
0.546
0.606
0.511
0.511
2.494
2.494
2.494
2.494
2.494
2.494
2.494
2.494
2.494
2.108
2.108
2.108
2.108
2.108
2.108
2.108
2.108
2.108
2.108
2.108
2.108
0.125
0.125
0.125
0.125
0.125
0.125
0.125
0.125
0.125
0.125
0.125
0.125
0.125
0.29
0.29
0.29
0.29
0.29
0.447
0.447
0.447
0.609
0.609
0.609
0.609
0.609
0.609
0.444
0.444
0.444
0.444
0.444
0.444
0.444
0.444
0.444
0.444
0.444
0.444
0.444
0.287
0.125
0.125
0.125
0.125
0.125
0.125
0.125
0.125
0.125
0.125
0.125
0.125
0.125
0.125
0.125
0.125
0.125
0.125
0.125
0.125
0.125
0.125
0.302
0.302
0.125
0.125
0.125
0.125
0.125
0.125
0.125
0.125
0.125
0.125
0.125
0.302
0.302
0.125
0.125
0.125
0.125
0.125
0.125
0.125
0.29
0.29
0.29
0.29
0.467
0.467
0.29
0.29
0.29
0.29
0.29
0.29
0.29
0.29
0.125
0.125
0.125
0.302
0.302
0.62
0.62
0.62
0.62
0.62
0.053
0.053
0.053
0.053
0.053
0.053
0.053
0.053
0.372
0.372
0.372
0.372
0.372
0.372
0.372
0.372
0.372
0.372
0.372
0.372
0.372
0.372
0.372
0.372
0.372
0.372
0.372
0.372
0.21
0.366
0.325
0.325
0.325
0.325
0.274
0.274
0.374
0.374
0.374
0.374
0.374
0.374
0.374
0.374
0.309
0.274
0.314
0.39
0.39
0.39
0.39
0.39
0.39
0.39
0.585
0.585
0.585
0.645
0.645
0.585
0.68
0.74
0.68
0.645
0.645
0.645
0.645
0.645
0.48
0.48
0.52
0.58
0.54
0.54
0.48
0.48
0.54
0.54
0.54
0.6
0.6
0.6
0.6
0.549
0.489
0.489
0.599
0.599
0.659
0.659
0.833
0.657
0.808
0.808
0.712
0.712
0.772
0.772
0.621
0.656
0.656
0.656
0.656
0.596
0.596
0.596
0.596
0.596
0.596
0.596
0.71
0.71
0.71
0.867
0.867
0.867
0.867
0.867
0.867
0.802
0.802
0.802
0.918
0.918
0.918
0.978
0.918
0.888
0.888
0.888
0.888
0.888
0.933
0.933
0.933
0.776
0.776
0.776
0.806
0.218
0.218
0.218
0.218
0.218
0.218
0.218
0.053
0.053
0.053
0.053
0.053
0.053
0.053
0.053
0.053
0.053
0.053
0.053
0.053
0.053
0.053
0.215
0.215
0.215
0.215
0.215
0.215
0.215
0.215
0.215
0.215
0.215
0.215
0.215
0.215
0.215
0.215
0.215
0.215
