0.053
0.053
0.17
0.17
0.17
0.27
0.22
0.22
0.22
0.22
0.22
0.413
0.463
0.463
0.413
0.413
0.413
0.413
0.453
0.453
0.453
0.453
0.553
0.553
2.549
2.396
2.396
0.4
0.4
0.3
0.3
0.3
0.3
0.34
0.352
0.352
0.352
0.57
0.57
0.57
0.57
0.51
0.51
0.51
0.51
0.51
0.575
0.675
0.635
0.635
0.535
0.535
0.635
0.595
0.595
0.595
0.703
0.545
0.545
0.485
0.485
0.585
0.685
0.685
0.585
0.585
0.585
0.585
0.585
0.545
0.545
0.545
1.415
1.415
1.475
0.605
0.557
0.557
0.384
0.454
0.454
0.454
0.454
0.687
0.687
0.687
0.687
0.647
0.647
0.647
0.647
0.647
0.635
0.635
0.675
0.675
0.7
0.507
0.547
0.547
0.547
0.587
0.647
0.687
0.687
0.687
0.647
0.518
0.353
0.283
0.283
0.283
0.558
0.558
0.558
0.498
0.498
0.458
0.458
0.458
0.558
0.558
0.731
0.631
0.631
0.691
0.631
0.631
0.691
0.691
0.691
0.691
0.533
0.533
0.533
0.533
0.533
0.533
0.533
0.533
0.533
0.533
0.533
0.633
0.46
0.46
0.52
0.46
0.46
0.425
0.36
0.36
0.36
0.4
0.4
0.46
0.46
0.46
0.46
0.46
0.46
0.4
0.593
0.593
0.593
0.593
0.593
0.593
0.593
0.593
0.593
0.593
0.751
0.751
0.751
0.751
0.618
0.618
0.735
0.735
0.211
0.211
0.211
0.211
0.211
0.211
0.211
0.211
0.211
0.211
0.211
0.211
0.053
0.053
0.053
0.053
0.053
0.053
0.053
0.053
0.226
0.226
0.226
0.226
0.226
0.226
0.226
0.226
0.226
0.226
0.226
0.226
0.226
0.226
0.226
0.226
0.226
0.226
0.226
0.226
0.226
0.226
0.053
0.053
0.053
0.053
0.053
0.053
0.053
0.053
0.053
0.053
0.053
0.246
0.246
0.246
0.404
0.404
0.404
0.404
0.404
0.404
0.404
0.404
0.404
0.404
0.404
0.211
0.211
0.211
0.211
0.211
0.211
0.211
0.211
0.211
0.053
0.053
0.053
0.053
0.053
0.053
0.053
0.053
0.053
0.053
0.053
0.053
0.053
0.226
0.226
0.226
0.226
0.226
0.226
0.226
0.226
0.226
0.226
0.226
0.226
0.226
0.226
0.226
0.226
0.226
0.226
0.226
0.226
0.226
0.226
0.053
0.053
0.053
0.053
0.053
0.053
0.053
0.053
0.053
0.053
0.053
0.053
0.053
0.053
0.053
0.211
0.211
0.211
0.211
0.211
0.211
0.211
0.211
0.211
0.211
0.211
0.211
0.211
0.211
0.404
0.404
0.404
0.404
0.404
0.404
0.246
0.246
0.246
0.246
0.246
0.246
0.246
0.246
0.053
0.053
0.053
0.053
0.053
0.053
0.053
0.053
0.053
0.053
0.053
0.053
0.053
0.226
0.226
0.226
0.226
0.226
0.226
0.226
0.226
0.226
0.226
0.226
0.226
0.226
0.226
0.226
0.226
0.226
0.226
0.226
0.226
0.226
0.226
0.053
0.287
0.287
0.287
0.287
0.287
0.287
0.287
0.287
0.287
0.287
0.287
0.287
0.287
0.287
0.287
0.287
0.287
0.352
0.352
0.352
0.412
0.412
0.352
0.352
0.352
0.352
0.392
0.462
0.462
0.422
0.422
0.422
0.422
0.422
0.462
0.397
0.357
0.55
0.55
0.59
0.59
0.59
0.65
0.923
0.863
0.863
0.763
0.723
0.723
0.723
0.723
0.53
0.688
0.788
0.788
0.788
0.788
0.788
0.788
0.788
0.788
0.848
0.848
0.848
0.788
0.615
0.615
0.615
0.615
0.615
0.615
0.665
0.587
0.537
0.497
0.457
0.477
0.437
0.437
0.437
0.477
0.577
0.577
0.577
0.577
0.577
0.577
0.577
0.577
0.577
0.577
0.617
0.617
0.617
0.527
0.527
0.427
0.427
0.427
1.122
1.082
1.082
0.387
0.427
0.427
0.387
0.437
0.497
0.497
0.497
0.497
0.567
0.69
0.69
0.83
0.83
0.83
0.87
0.87
0.87
0.77
0.782
0.782
0.782
0.782
0.782
0.589
0.589
0.529
0.529
0.053
0.053
0.053
0.053
0.053
0.211
0.211
0.211
0.211
0.211
0.211
0.211
0.211
0.211
0.211
0.211
0.211
0.211
0.384
0.384
0.384
0.384
0.384
0.384
0.384
0.226
0.226
0.226
0.226
0.226
0.226
0.226
0.226
0.226
0.226
0.226
0.226
0.226
0.226
0.226
0.053
0.053
0.053
0.053
0.053
0.053
0.053
0.053
0.053
0.053
0.053
0.053
0.053
0.053
0.053
0.053
0.053
0.053
0.053
0.053
0.053
0.053
0.053
0.053
0.053
0.053
0.246
0.246
0.246
0.246
0.246
0.246
0.246
0.246
0.246
0.246
0.246
0.246
0.246
0.246
0.053
0.211
0.211
0.211
0.211
0.211
0.211
0.211
0.211
0.211
0.211
0.211
0.211
0.384
0.384
0.384
0.384
0.384
0.384
0.384
0.384
0.226
0.226
0.226
0.226
0.226
0.226
0.226
0.226
0.226
0.226
0.226
0.226
0.226
0.226
0.053
0.053
0.053
0.053
0.053
0.053
0.053
0.053
0.053
0.053
0.053
0.053
0.053
0.053
0.053
0.053
0.053
0.053
0.053
0.053
0.053
0.246
0.246
0.246
0.246
0.246
0.246
0.246
0.246
0.246
0.246
0.246
0.246
0.246
0.246
0.053
0.211
0.211
0.211
0.211
0.211
0.211
0.211
0.211
0.211
0.211
0.211
0.384
0.384
0.384
0.384
0.384
0.384
0.384
0.384
0.384
0.226
0.226
0.226
0.226
0.226
0.226
0.226
0.226
0.226
0.226
0.226
0.226
0.226
0.053
0.053
0.053
0.053
0.053
0.053
0.053
0.053
0.053
0.053
0.053
0.053
0.053
0.053
0.053
0.053
0.053
0.053
0.053
0.053
0.053
0.053
0.053
0.053
0.053
0.053
0.053
0.053
0.053
0.053
0.053
0.053
0.053
0.053
0.053
0.246
0.246
0.246
0.246
0.246
0.246
0.246
0.246
0.246
0.246
0.246
0.246
0.246
0.246
0.211
0.211
0.211
0.211
0.211
0.211
0.211
0.211
0.384
0.384
0.384
0.384
0.384
0.384
0.384
0.384
0.384
0.384
0.384
0.384
0.226
0.226
0.226
0.226
0.226
0.226
0.226
0.226
0.226
0.226
0.053
0.053
0.053
0.053
0.053
0.053
0.053
0.053
0.053
0.053
0.053
0.053
0.053
0.053
0.053
0.053
0.053
0.053
0.053
0.053
0.053
0.053
0.053
0.053
0.053
0.053
0.053
0.053
0.053
0.053
0.211
0.211
0.404
0.404
0.404
0.404
0.404
0.404
0.404
0.404
0.404
0.404
0.404
0.404
0.404
0.404
0.211
0.211
0.211
0.211
0.053
0.053
0.053
0.053
0.053
0.053
0.053
0.053
0.053
0.053
0.053
0.053
0.053
0.053
0.053
0.053
0.053
0.053
0.053
0.053
0.053
0.053
0.053
0.053
0.053
0.053
0.053
0.053
0.053
0.053
0.053
0.053
0.053
0.053
0.053
0.053
0.226
0.226
0.226
0.226
0.226
0.226
0.226
0.226
0.226
0.226
0.226
0.226
0.226
0.226
0.226
0.226
0.226
0.226
0.226
0.226
0.226
0.226
0.053
0.053
0.211
0.211
0.211
0.211
0.211
0.211
0.211
0.211
0.211
0.211
0.211
0.211
0.211
0.404
0.404
0.404
0.404
0.404
0.404
0.404
0.246
0.246
0.246
0.246
0.246
0.246
0.246
0.053
0.053
0.053
0.053
0.053
0.053
0.053
0.053
0.053
0.053
0.053
0.053
0.053
0.053
0.053
0.053
0.053
0.053
0.053
0.053
0.053
0.053
0.053
0.053
0.053
0.053
0.053
0.053
0.053
0.053
0.053
0.053
0.053
0.053
0.053
0.053
0.053
0.053
0.053
0.053
0.053
0.053
0.053
0.053
0.211
0.211
0.211
0.384
0.384
0.384
0.384
0.384
0.384
0.384
0.384
0.384
0.384
0.384
0.384
0.384
0.384
0.384
0.384
0.384
0.226
0.226
0.226
0.226
0.226
0.053
0.053
0.053
0.053
0.053
0.053
0.053
0.053
0.246
0.246
0.246
0.246
0.246
0.246
0.246
0.246
0.246
0.246
0.246
0.246
0.246
0.246
0.053
0.053
0.053
0.053
0.053
0.053
0.053
0.053
0.053
0.053
0.053
0.053
0.053
0.053
0.053
0.053
0.053
0.053
0.053
0.287
0.287
0.287
0.46
0.46
0.46
0.46
0.46
0.46
0.46
0.589
0.629
0.629
0.589
0.589
0.589
0.589
0.654
0.654
0.589
0.589
0.589
0.589
0.639
0.639
0.466
0.566
0.606
0.666
0.666
0.666
0.716
0.756
0.756
0.696
0.656
0.656
0.539
0.539
0.764
0.764
0.664
0.624
0.624
0.624
0.624
0.689
0.689
0.689
1.124
1.164
1.124
1.124
0.931
0.931
0.881
0.881
0.381
0.381
0.381
0.331
0.331
0.331
0.421
0.421
0.421
0.521
0.481
0.481
0.431
0.431
0.431
0.431
0.431
0.648
0.648
0.588
0.761
0.644
0.644
0.644
0.604
0.604
0.604
0.604
0.604
0.604
0.604
0.604
0.604
0.604
0.604
0.704
0.704
0.862
0.862
0.762
0.762
0.762
0.589
0.589
2.456
2.456
2.456
0.46
0.46
0.46
0.46
0.46
0.809
0.849
0.809
0.777
0.428
0.27
0.27
0.463
0.463
0.463
0.463
0.523
0.573
0.523
0.463
0.463
0.463
0.63
0.69
0.69
0.859
0.666
2.662
2.722
2.722
0.686
0.686
0.686
0.686
0.626
0.626
0.626
0.626
0.686
0.926
0.926
0.926
0.766
0.666
0.666
0.626
0.566
0.626
0.566
0.671
0.671
0.671
0.671
0.671
0.904
0.904
0.844
0.784
0.784
0.784
0.819
0.819
0.702
0.602
0.485
0.485
0.485
0.485
0.485
0.497
0.497
0.497
0.497
0.447
0.447
0.447
0.274
0.274
0.339
0.339
0.339
0.339
0.339
0.456
0.614
0.614
0.614
0.674
0.674
0.714
0.907
0.907
0.907
0.907
0.907
0.907
0.907
0.907
0.907
0.867
0.867
0.867
0.867
0.867
0.516
1.016
1.016
1.016
0.516
0.566
0.566
0.683
0.683
0.683
0.683
0.683
0.683
0.683
0.683
0.683
0.683
0.683
0.783
0.683
0.683
0.566
0.566
0.566
0.566
0.566
0.566
0.506
0.506
0.506
0.506
0.506
0.506
0.506
0.506
0.466
0.466
0.466
0.454
0.744
0.744
0.804
0.744
0.902
0.902
0.902
0.902
2.898
2.898
2.881
0.797
0.837
0.937
0.937
0.977
1.094
1.094
1.054
1.054
1.054
1.247
1.074
1.074
0.916
0.916
0.916
0.916
0.916
0.948
0.831
0.831
0.831
0.831
0.831
0.755
0.815
0.815
0.755
0.755
0.755
0.755
0.755
0.755
0.755
0.755
0.755
0.755
0.755
0.755
0.755
3.053
3.053
3.053
5.049
5.129
5.129
3.133
3.133
3.173
3.123
3.173
3.133
3.133
3.133
3.193
3.133
3.133
3.083
3.083
3.083
3.083
3.083
3.043
3.043
3.083
3.043
3.043
0.745
0.805
0.765
0.765
0.765
0.705
0.753
0.753
0.753
0.753
0.753
1.253
1.426
1.426
1.584
1.654
1.654
1.654
1.654
1.654
1.654
1.654
1.704
1.744
1.634
1.634
1.634
1.634
1.634
1.634
1.634
1.634
1.714
1.714
1.383
1.383
1.383
1.576
1.576
1.447
1.447
1.447
1.447
1.447
1.447
1.487
1.487
0.987
0.947
0.907
0.907
0.714
0.714
0.773
0.923
0.923
0.923
0.923
0.823
0.863
0.863
0.813
0.813
0.813
0.873
0.053
0.053
0.053
0.053
0.053
0.053
0.053
0.053
0.053
0.053
0.053
0.053
0.053
0.053
0.053
0.053
0.211
0.211
0.211
0.211
0.211
0.211
0.211
0.211
0.384
0.384
0.384
0.384
0.384
0.384
0.384
0.384
0.384
0.384
0.384
0.384
0.226
0.226
0.226
0.226
