0.053
0.053
0.053
0.053
0.053
0.053
0.053
0.053
0.053
0.053
0.053
0.053
0.053
0.053
0.053
0.053
0.053
0.053
0.053
0.053
0.053
0.053
0.053
0.053
0.053
0.053
0.053
0.053
0.053
0.053
0.053
0.053
0.053
0.053
0.053
0.053
0.053
0.053
0.053
0.053
0.053
0.053
0.053
0.053
0.053
0.053
0.053
0.053
0.053
0.053
0.053
0.053
0.053
0.053
0.053
0.053
0.053
0.053
0.053
0.053
0.053
0.053
0.053
0.053
0.053
0.053
0.053
0.053
0.053
0.053
0.053
0.053
0.053
0.053
0.053
0.053
0.053
0.053
0.053
0.053
0.053
0.053
0.053
0.053
0.053
0.053
0.053
0.242
0.242
0.426
0.426
0.426
0.426
0.426
0.426
0.426
0.426
0.426
0.426
0.426
0.426
0.237
0.237
0.393
0.393
0.393
0.393
0.393
0.393
0.393
0.393
0.209
0.209
0.209
0.209
0.209
0.209
0.209
0.209
0.209
0.209
0.209
0.209
0.053
0.053
0.053
0.053
0.053
0.053
0.053
0.053
0.053
0.053
0.053
0.053
0.053
0.053
0.053
0.053
0.053
0.053
0.053
0.053
0.053
0.053
0.053
0.053
0.053
0.053
0.053
0.053
0.053
0.053
0.053
0.053
0.053
0.053
0.053
0.053
0.053
0.053
0.053
0.242
0.242
0.242
0.242
0.242
0.242
0.242
0.242
0.242
0.242
0.242
0.242
0.242
0.242
0.237
0.237
0.237
0.237
0.237
0.237
0.237
0.237
0.237
0.237
0.237
0.237
0.237
0.237
0.237
0.237
0.237
0.237
0.237
0.237
0.237
0.237
0.053
0.053
0.053
0.053
0.053
0.053
0.053
0.053
0.053
0.053
0.053
0.053
0.053
0.053
0.053
0.209
0.209
0.209
0.209
0.209
0.209
0.209
0.209
0.209
0.209
0.209
0.209
0.209
0.209
0.209
0.209
0.209
0.209
0.209
0.209
0.053
0.053
0.053
0.053
0.053
0.053
0.053
0.053
0.053
0.053
0.053
0.053
0.242
0.242
0.242
0.242
0.242
0.242
0.242
0.242
0.242
0.242
0.242
0.242
0.242
0.242
0.053
0.053
0.053
0.053
0.053
0.053
0.237
0.237
0.237
0.237
0.237
0.237
0.237
0.237
0.237
0.237
0.237
0.237
0.237
0.237
0.237
0.237
0.237
0.237
0.237
0.237
0.393
0.393
0.209
0.209
0.209
0.209
0.209
0.209
0.209
0.209
0.209
0.209
0.209
0.209
0.209
0.209
0.209
0.209
0.209
0.209
0.053
0.053
0.053
0.053
0.053
0.053
0.053
0.053
0.053
0.053
0.053
0.053
0.053
0.053
0.053
0.053
0.053
0.053
0.053
0.053
0.053
0.053
0.053
0.053
0.053
0.053
0.053
0.053
0.053
0.053
0.053
0.053
0.053
0.053
0.053
0.053
0.053
0.242
0.242
0.242
0.242
0.242
0.242
0.426
0.426
0.426
0.426
0.426
0.426
0.426
0.426
0.237
0.237
0.237
0.237
0.237
0.237
0.237
0.237
0.237
0.393
0.393
0.393
0.393
0.393
0.209
0.209
0.209
0.209
0.209
0.209
0.209
0.209
0.209
0.209
0.209
0.209
0.209
0.209
0.209
0.053
0.053
0.053
0.053
0.053
0.053
0.053
0.053
0.053
0.053
0.053
0.053
0.053
0.053
0.053
0.053
0.053
0.053
0.053
0.053
0.053
0.053
0.053
0.053
0.053
0.053
0.053
0.053
0.053
0.053
0.242
0.242
0.242
0.242
0.426
0.426
0.426
0.426
0.426
0.426
0.426
0.426
0.426
0.426
0.237
0.237
0.237
0.237
0.237
0.237
0.237
0.237
0.237
0.237
0.237
0.237
0.053
0.053
0.053
0.053
0.053
0.053
0.053
0.053
0.053
0.053
0.053
0.053
0.053
0.053
0.053
0.053
0.053
0.053
0.053
0.209
0.209
0.209
0.209
0.209
0.209
0.209
0.209
0.209
0.209
0.209
0.209
0.209
0.209
0.209
0.209
0.209
0.209
0.209
0.209
0.053
0.053
0.053
0.053
0.053
0.053
0.053
0.053
0.053
0.053
0.053
0.053
0.053
0.053
0.053
0.053
0.053
0.053
0.242
0.242
0.242
0.242
0.426
0.426
0.426
0.426
0.426
0.426
0.426
0.426
0.426
0.426
0.237
0.237
0.237
0.237
0.237
0.237
0.237
0.237
0.237
0.237
0.237
0.237
0.053
0.053
0.053
0.053
0.053
0.053
0.053
0.053
0.053
0.053
0.053
0.053
0.053
0.053
0.053
0.053
0.053
0.053
0.053
0.209
0.209
0.209
0.209
0.209
0.209
0.209
0.209
0.209
0.209
0.209
0.209
0.209
0.209
0.209
0.209
0.209
0.209
0.209
0.209
0.053
0.053
0.053
0.053
0.053
0.237
0.237
0.237
0.237
0.237
0.237
0.237
0.237
0.237
0.237
0.237
0.237
0.237
0.237
0.426
0.426
0.461
0.461
0.521
0.461
0.556
0.521
0.337
0.337
0.277
0.277
0.337
0.337
0.148
0.148
0.148
0.148
0.053
0.053
0.053
0.053
0.053
0.053
0.053
0.053
0.053
0.053
0.065
0.065
0.065
0.065
0.065
0.065
0.065
0.065
0.065
0.065
0.221
0.221
0.221
0.221
0.221
0.221
0.221
0.221
0.221
0.221
0.221
0.221
0.221
0.221
0.221
0.221
0.221
0.221
0.221
0.321
0.165
0.165
0.165
0.165
0.165
0.165
0.165
0.26
0.295
0.26
0.32
0.225
0.225
0.225
0.225
0.265
0.265
0.265
0.385
0.285
0.285
0.38
0.34
0.34
0.38
0.32
0.22
0.22
0.22
0.22
0.22
0.22
0.22
0.24
0.34
0.34
0.34
0.641
0.641
0.641
0.641
0.34
0.34
0.34
0.529
0.664
0.579
0.579
0.579
0.579
0.579
0.579
0.579
0.567
0.751
0.751
0.751
0.838
0.649
0.649
0.649
0.805
0.84
0.84
0.88
0.88
0.88
0.88
0.88
0.845
0.945
0.945
0.965
0.965
0.965
0.965
0.781
0.721
0.721
0.661
0.661
0.418
0.418
0.383
0.343
0.283
0.343
0.371
0.371
0.371
0.371
0.371
0.371
0.431
0.578
0.578
0.703
0.703
0.558
0.598
0.598
0.598
0.598
0.598
0.578
0.491
0.551
0.551
0.551
0.551
0.551
0.551
0.551
0.551
0.551
2.79
2.79
2.79
2.78
2.78
2.78
2.74
2.74
2.74
2.74
2.74
2.74
2.68
2.68
2.68
2.68
2.68
2.68
2.68
2.68
2.715
2.715
2.715
2.655
2.655
2.655
2.655
0.463
0.463
0.463
0.647
0.647
0.953
0.953
0.953
0.953
0.953
1.013
1.073
1.013
0.896
0.896
0.956
0.916
0.916
0.888
0.699
0.699
0.699
0.579
0.579
0.579
0.395
0.36
0.36
0.053
0.053
0.053
0.053
0.053
0.053
0.053
0.053
0.053
0.053
0.053
0.053
0.053
0.053
0.053
0.053
0.053
0.053
0.053
0.053
0.053
0.053
0.053
0.053
0.053
0.053
0.053
0.053
0.053
0.053
0.053
0.053
0.053
0.209
0.209
0.209
0.209
0.209
0.209
0.209
0.209
0.209
0.393
0.393
0.393
0.393
0.393
0.393
0.393
0.393
0.393
0.393
0.393
0.237
0.237
0.237
0.237
0.237
0.426
0.426
0.426
0.426
0.426
0.426
0.242
0.242
0.242
0.242
0.242
0.242
0.242
0.242
0.053
0.053
0.053
0.053
0.053
0.053
0.053
0.053
0.053
0.053
0.053
0.173
0.113
0.293
0.293
0.193
0.193
0.293
0.293
0.293
0.293
0.293
0.293
0.313
0.313
0.462
0.462
0.578
0.578
0.578
0.578
0.578
0.578
0.663
0.663
0.663
0.663
0.603
0.603
0.603
0.603
0.603
2.242
2.242
2.242
0.603
0.603
0.447
0.487
0.487
0.527
0.711
0.711
0.671
0.731
0.631
0.631
0.631
0.631
0.631
0.631
0.631
0.631
0.631
0.631
0.631
0.666
0.666
0.666
0.666
0.666
0.666
0.678
0.494
0.494
0.534
0.534
0.534
0.534
0.522
0.522
0.522
0.522
0.522
0.823
0.823
0.823
0.783
0.482
0.482
0.482
0.482
0.698
0.698
0.698
0.698
0.698
0.827
0.827
0.827
0.827
0.887
0.787
0.787
0.787
0.787
0.787
0.787
0.787
0.787
0.787
0.598
0.382
0.382
0.382
0.382
0.382
0.382
0.382
0.382
0.382
0.382
0.382
0.297
0.297
0.297
0.297
0.297
0.297
0.481
0.481
0.481
0.481
0.481
0.481
0.516
0.576
0.576
0.541
0.541
0.601
0.601
0.722
0.722
0.722
0.722
0.722
0.722
0.722
0.782
0.782
0.598
0.538
0.417
0.417
0.417
0.417
0.417
0.417
0.457
0.457
0.457
0.457
0.497
0.507
0.467
0.467
0.467
0.467
0.467
0.467
0.656
0.656
0.656
0.556
0.556
0.556
0.556
0.556
0.556
0.556
0.556
0.556
0.556
0.596
0.407
0.407
0.407
0.053
0.209
0.209
0.209
0.209
0.209
0.209
0.209
0.209
0.209
0.209
0.209
0.209
0.209
0.209
0.209
0.209
0.209
0.209
0.209
0.368
0.212
0.212
0.212
0.212
0.396
0.396
0.396
0.396
0.436
0.436
0.436
0.436
0.436
0.436
0.436
0.436
0.436
0.436
2.075
2.075
2.075
0.436
0.471
0.471
0.627
0.627
0.483
0.543
0.463
0.503
0.503
0.463
0.503
0.692
0.692
0.692
0.692
0.752
0.752
0.752
0.692
0.692
0.692
0.692
0.752
0.752
0.692
0.503
0.458
0.458
0.458
0.458
0.458
0.458
0.498
0.498
0.666
0.666
0.676
0.676
0.676
0.676
0.711
0.711
0.699
0.699
0.699
0.759
0.699
0.699
0.883
0.943
0.943
0.943
0.943
1.003
0.787
0.787
0.787
0.237
0.237
0.237
0.237
0.237
0.237
0.237
0.237
0.237
0.237
0.237
0.237
0.237
0.053
0.053
0.053
0.053
0.053
0.053
0.053
0.053
0.053
0.053
0.053
0.053
0.053
0.053
0.053
0.053
0.053
0.053
0.053
0.053
0.053
0.053
0.053
0.053
0.053
0.053
0.053
0.053
0.053
0.053
0.053
0.242
0.242
0.242
0.242
0.398
0.398
0.398
0.398
0.398
0.398
0.398
0.398
0.398
0.398
0.209
0.209
0.209
0.209
0.209
0.209
0.209
0.209
0.209
0.209
0.053
0.237
0.237
0.237
0.237
0.237
0.237
0.237
0.237
0.237
0.237
0.237
0.237
0.237
0.237
0.237
0.237
0.237
0.237
0.237
0.237
0.237
0.237
0.053
0.053
0.053
0.053
0.053
0.053
0.053
0.053
0.053
0.053
0.053
0.053
0.053
0.053
0.053
0.053
0.053
0.053
0.053
0.053
0.053
0.053
0.053
0.053
0.053
0.053
0.053
0.053
0.053
0.209
0.209
0.209
0.209
0.209
0.209
0.209
0.209
0.209
0.209
0.209
0.398
0.398
0.398
0.398
0.398
0.582
0.582
0.582
0.582
0.426
0.426
0.426
0.426
0.426
0.237
0.237
0.237
0.237
0.237
0.237
0.237
0.237
0.237
0.237
0.237
0.237
0.237
0.053
0.053
0.053
0.053
0.053
0.053
0.053
0.053
0.053
0.053
0.053
0.053
0.053
0.053
0.053
0.053
0.053
0.053
0.053
0.053
0.053
0.053
0.053
0.053
0.053
0.209
0.209
0.209
0.209
0.209
0.209
0.209
0.209
0.209
0.209
0.209
0.209
0.209
0.209
0.209
0.209
0.209
0.209
0.209
0.209
0.053
0.053
0.053
0.053
0.053
0.053
0.053
0.237
0.237
0.237
0.237
0.237
0.237
0.237
0.237
0.237
0.237
0.426
0.426
0.426
0.426
0.426
0.426
0.426
0.426
0.426
0.426
0.426
0.426
0.242
0.242
0.053
0.053
0.053
0.053
0.053
0.053
0.053
0.053
0.053
0.053
0.053
0.053
0.053
0.053
0.053
0.053
0.053
0.053
0.053
0.053
0.053
0.053
0.053
0.053
0.209
0.209
0.209
0.209
0.209
0.209
0.209
0.209
0.209
0.209
0.209
0.209
