0.053
0.053
0.053
0.053
0.053
0.053
0.053
0.053
0.053
0.053
0.053
0.053
0.053
0.053
0.053
0.053
0.053
0.053
0.053
0.053
0.053
0.053
0.053
0.053
0.053
0.053
0.053
0.053
0.053
0.053
0.053
0.053
0.053
0.053
0.053
0.053
0.053
0.053
0.053
0.053
0.053
0.053
0.053
0.053
0.053
0.053
0.053
0.053
0.053
0.053
0.053
0.053
0.053
0.053
0.053
0.053
0.053
0.053
0.053
0.053
0.053
0.053
0.053
0.053
0.259
0.259
0.259
0.259
0.259
0.259
0.259
0.259
0.259
0.259
0.259
0.259
0.259
0.259
0.259
0.259
0.259
0.259
0.259
0.259
0.259
0.259
0.213
0.213
0.213
0.213
0.213
0.45
0.45
0.45
0.45
0.45
0.45
0.45
0.45
0.45
0.45
0.45
0.45
0.45
0.45
0.213
0.053
0.053
0.053
0.053
0.053
0.053
0.053
0.053
0.053
0.053
0.053
0.053
0.053
0.053
0.053
0.053
0.053
0.053
0.053
0.053
0.053
0.053
0.053
0.053
0.053
0.053
0.053
0.053
0.053
0.053
0.053
0.053
0.053
0.053
0.053
0.053
0.053
0.259
0.259
0.259
0.419
0.419
0.419
0.419
0.419
0.419
0.419
0.419
0.419
0.419
0.419
0.419
0.419
0.419
0.419
0.419
0.419
0.419
0.419
0.213
0.053
0.053
0.053
0.053
0.053
0.053
0.053
0.053
0.29
0.29
0.29
0.29
0.29
0.29
0.29
0.29
0.29
0.29
0.29
0.29
0.29
0.29
0.053
0.053
0.053
0.053
0.053
0.053
0.053
0.053
0.053
0.053
0.053
0.053
0.053
0.053
0.053
0.053
0.053
0.053
0.053
0.053
0.053
0.053
0.053
0.053
0.053
0.053
0.053
0.053
0.053
0.053
0.053
0.053
0.053
0.259
0.259
0.259
0.259
0.259
0.419
0.419
0.419
0.419
0.419
0.419
0.419
0.419
0.419
0.419
0.419
0.419
0.419
0.419
0.419
0.419
0.419
0.213
0.213
0.213
0.053
0.053
0.053
0.053
0.053
0.053
0.053
0.053
0.053
0.053
0.053
0.053
0.053
0.053
0.053
0.053
0.053
0.053
0.053
0.29
0.29
0.29
0.29
0.29
0.29
0.29
0.29
0.29
0.29
0.29
0.29
0.29
0.29
0.053
0.053
0.053
0.053
0.053
0.053
0.053
0.053
0.053
0.053
0.053
0.053
0.053
0.053
0.213
0.213
0.213
0.213
0.213
0.419
0.419
0.419
0.419
0.419
0.419
0.419
0.419
0.419
0.419
0.419
0.419
0.419
0.419
0.419
0.259
0.259
0.259
0.259
0.259
0.259
0.259
0.053
0.053
0.053
0.053
0.053
0.053
0.053
0.053
0.053
0.053
0.053
0.053
0.053
0.053
0.053
0.053
0.053
0.053
0.053
0.053
0.053
0.053
0.29
0.29
0.29
0.29
0.29
0.29
0.29
0.29
0.29
0.29
0.29
0.29
0.29
0.29
0.053
0.053
0.053
0.053
0.053
0.113
0.053
0.053
0.053
0.053
0.053
0.053
0.053
0.053
0.053
0.053
0.053
0.259
0.259
0.259
0.259
0.259
0.259
0.259
0.259
0.4
0.4
0.4
0.4
0.5
0.4
0.4
0.56
0.56
0.61
0.61
0.61
0.61
0.56
0.414
0.414
0.524
0.476
0.476
0.516
0.516
0.516
0.516
0.476
0.476
0.476
0.476
0.316
0.316
0.316
0.316
0.364
0.541
0.641
0.641
0.641
0.641
0.641
0.641
0.541
0.541
0.541
0.491
0.491
0.491
0.491
0.254
0.254
0.254
0.254
0.254
0.254
0.254
0.354
0.354
0.354
0.354
0.254
0.254
0.46
0.46
0.46
0.46
0.569
0.569
0.569
0.669
0.669
0.669
0.669
0.669
0.669
0.669
0.669
0.669
0.697
0.697
0.697
0.697
0.697
0.597
0.391
0.391
0.391
0.391
0.391
0.391
0.451
0.451
2.246
2.246
2.246
2.246
2.246
2.246
2.246
2.253
3.484
3.484
3.484
3.484
3.584
3.584
3.596
3.596
3.608
3.508
3.556
3.496
3.387
3.684
3.724
3.724
3.724
3.724
3.784
1.969
1.969
1.969
1.969
1.969
1.969
1.969
1.969
2.009
1.969
1.969
1.969
1.692
1.692
1.692
1.632
1.632
1.632
1.632
2.058
2.058
2.046
2.046
2.046
2.046
2.046
2.046
2.046
2.046
2.046
2.046
2.046
2.018
0.419
0.419
0.419
0.419
0.419
0.419
0.259
0.259
0.053
0.053
0.053
0.053
0.053
0.053
0.053
0.053
0.053
0.053
0.053
0.053
0.053
0.053
0.053
0.053
0.053
0.053
0.053
0.053
0.053
0.053
0.053
0.053
0.053
0.053
0.053
0.053
0.053
0.053
0.053
0.053
0.053
0.053
0.053
0.053
0.053
0.053
0.053
0.053
0.213
0.213
0.213
0.213
0.213
0.213
0.213
0.213
0.213
0.213
0.213
0.213
0.213
0.213
0.213
0.213
0.213
0.213
0.213
0.213
0.053
0.053
0.053
0.053
0.259
0.259
0.259
0.259
0.259
0.259
0.259
0.259
0.259
0.259
0.259
0.259
0.259
0.259
0.259
0.259
0.259
0.259
0.259
0.259
0.259
0.259
0.053
0.053
0.053
0.053
0.053
0.053
0.053
0.053
0.053
0.053
0.053
0.053
0.053
0.053
0.053
0.29
0.29
0.29
0.29
0.29
0.29
0.29
0.29
0.29
0.29
0.29
0.29
0.29
0.29
0.053
0.053
0.053
0.053
0.053
0.053
0.053
0.053
0.053
0.053
0.053
0.053
0.053
0.053
0.053
0.053
0.053
0.053
0.053
0.053
0.053
0.053
0.053
0.053
0.053
0.053
0.259
0.259
0.259
0.259
0.259
0.259
0.259
0.259
0.259
0.259
0.259
1.698
1.698
1.698
1.698
1.698
1.698
1.698
1.698
0.527
0.655
0.715
0.509
0.509
0.549
0.549
2.191
2.191
2.191
2.191
2.191
2.144
2.144
2.144
2.144
2.204
2.204
2.204
2.441
2.441
2.441
2.381
2.381
2.381
2.381
2.381
0.679
0.679
0.679
0.679
0.679
0.679
0.442
0.442
0.442
0.442
0.442
0.442
0.442
1.386
1.386
1.386
0.442
0.442
0.442
0.442
0.442
0.442
0.517
0.517
0.517
0.542
0.542
0.582
0.682
0.682
0.682
0.682
0.682
0.682
0.682
0.642
0.642
0.642
0.642
0.642
0.542
0.542
0.542
0.542
0.542
0.642
0.642
0.642
0.642
0.642
0.642
0.642
0.642
0.642
0.642
0.642
0.642
0.642
0.642
0.642
0.642
0.682
0.919
0.919
1.125
1.125
1.125
1.125
1.125
1.234
1.234
1.234
1.234
1.234
1.234
1.234
0.997
0.997
0.997
0.997
0.997
1.157
1.157
1.157
1.157
0.419
0.213
0.213
0.213
0.213
0.213
0.213
0.213
0.213
0.213
0.213
0.213
0.213
0.213
0.213
0.213
0.053
0.053
0.053
0.053
0.053
0.053
0.053
0.053
0.053
0.053
0.053
0.053
0.053
0.053
0.053
0.053
0.053
0.053
0.053
0.053
0.053
0.053
0.053
0.053
0.053
0.053
0.053
0.053
0.053
0.053
0.053
0.053
0.053
0.053
0.29
0.29
0.29
0.29
0.29
0.29
0.29
0.29
0.29
0.29
0.29
0.29
0.29
0.29
0.053
0.053
0.053
0.053
0.053
0.053
0.053
0.053
0.053
0.053
0.053
0.053
0.053
0.053
0.053
0.053
0.053
0.053
0.053
0.053
0.053
0.053
0.053
0.053
0.259
0.259
0.259
0.259
0.259
0.259
0.259
0.259
0.259
0.259
0.259
0.259
0.259
0.259
0.259
0.259
0.259
0.259
0.259
0.259
0.259
0.259
0.053
0.053
0.053
0.053
0.053
0.053
0.053
0.053
0.053
0.053
0.053
0.053
0.053
0.053
0.053
0.053
0.053
0.29
0.29
0.45
0.45
0.45
0.45
0.45
0.45
0.45
0.45
0.45
0.45
0.45
0.45
0.213
0.213
0.213
0.213
0.213
0.213
0.213
0.213
0.053
0.053
0.053
0.053
0.053
0.053
0.053
0.053
0.053
0.053
0.053
0.431
0.471
0.471
0.471
0.471
0.571
0.621
0.621
0.827
0.947
0.847
0.867
0.987
0.987
0.927
0.927
0.807
0.807
0.807
0.807
0.882
0.882
0.882
0.882
0.882
0.882
0.882
0.882
0.882
0.882
0.748
0.707
0.498
0.498
0.498
0.498
0.498
0.498
0.398
0.453
0.398
0.398
0.426
0.535
0.535
0.535
0.535
0.535
0.535
0.535
0.535
0.595
0.595
0.475
0.772
0.772
0.772
0.772
0.772
0.772
0.772
0.772
0.772
0.772
0.772
0.772
0.772
0.772
0.535
0.595
0.595
0.595
0.595
0.595
0.595
0.635
0.635
0.595
0.595
0.595
0.755
0.755
0.815
0.85
0.79
0.79
0.79
0.79
0.79
0.662
0.662
0.662
0.868
0.868
0.868
0.868
0.868
0.828
0.828
0.888
0.728
0.668
0.809
0.802
0.802
0.802
0.802
0.842
0.842
0.792
0.792
0.752
0.692
0.792
0.686
0.618
0.618
0.818
0.818
0.818
0.818
0.683
0.683
0.743
0.743
0.743
0.743
0.743
0.743
0.743
0.883
0.883
0.823
1.06
1.06
1.06
1
1.06
1.06
1.12
1.12
1.12
1.088
1.048
1.048
1.048
1.325
1.088
1.088
1.028
0.651
0.651
0.651
0.651
0.651
0.542
0.542
0.542
0.542
0.542
0.502
0.602
0.602
0.602
0.637
0.843
0.843
0.883
0.883
1.103
1.103
1.003
1.003
0.978
1.922
1.922
1.929
0.95
0.95
0.95
0.95
0.95
0.95
0.95
0.95
0.95
0.95
0.744
0.844
0.684
0.584
0.584
0.584
0.584
0.524
0.524
0.524
0.524
0.524
0.524
0.524
0.524
0.524
0.761
0.761
0.761
0.773
0.773
0.773
0.773
0.773
0.773
0.773
0.773
0.901
3.186
3.186
2.949
0.736
0.736
0.736
0.796
0.668
0.608
0.608
0.608
0.608
0.608
0.608
0.608
0.608
0.608
0.608
0.608
0.608
0.608
0.608
0.608
0.608
0.814
0.814
0.814
0.814
0.814
2.045
2.045
1.97
1.97
1.97
1.963
1.963
1.979
1.979
1.979
2.039
2.039
2.039
2.039
1.979
1.986
1.986
1.78
1.78
1.78
1.889
1.889
1.889
1.889
1.829
1.829
1.829
1.829
1.829
1.829
1.829
1.829
1.829
1.829
1.829
1.829
1.889
1.889
1.889
1.889
1.889
1.889
1.889
2.126
2.017
2.126
2.126
3.981
3.981
3.921
3.921
3.921
3.921
3.921
3.981
3.981
3.981
3.804
3.804
3.804
2.573
2.573
2.573
2.573
2.573
2.633
2.513
2.573
2.793
2.999
2.999
2.999
2.999
2.999
1.144
1.144
1.144
1.084
1.084
1.084
1.056
1.116
1.116
1.056
1.056
1.056
1.056
1.056
0.917
0.917
0.917
0.711
0.711
0.718
0.718
0.658
0.658
0.658
0.658
0.658
0.658
0.758
0.758
0.758
2.971
2.971
2.862
0.649
0.649
0.649
0.649
0.649
0.649
0.649
0.589
0.549
0.549
0.658
0.658
0.658
0.658
0.895
0.895
0.895
0.895
0.895
0.895
0.895
0.835
0.835
0.835
0.885
0.885
0.885
0.885
0.648
0.648
0.648
0.508
0.508
0.448
0.448
0.654
0.654
0.654
0.594
0.594
0.594
0.485
0.485
0.545
0.545
0.545
0.545
0.545
0.545
0.545
0.545
0.404
0.344
0.344
0.444
0.444
0.444
0.238
0.238
0.231
0.271
0.271
0.271
0.271
0.271
0.271
0.271
0.281
0.281
0.281
0.441
0.441
0.441
0.441
0.453
0.453
0.453
0.453
0.453
0.453
0.453
0.453
0.493
0.453
0.513
0.75
0.75
0.75
0.69
0.63
0.47
0.47
0.47
0.47
0.47
0.47
0.47
0.47
0.518
0.053
0.053
0.053
0.053
0.053
0.053
0.053
0.053
0.053
0.053
0.053
0.053
0.053
0.053
0.259
0.259
0.259
0.259
0.259
0.259
