0.052
0.052
0.052
0.052
0.052
0.052
0.052
0.052
0.052
0.052
0.052
0.052
0.052
0.052
0.052
0.052
0.052
0.145
0.145
0.145
0.145
0.145
0.145
0.145
0.145
0.145
0.145
0.145
0.335
0.335
0.335
0.335
0.335
0.335
0.335
0.242
0.242
0.242
0.242
0.242
0.242
0.242
0.052
0.052
0.052
0.198
0.198
0.198
0.198
0.198
0.198
0.198
0.198
0.198
0.198
0.198
0.198
0.198
0.198
0.198
0.198
0.198
0.198
0.198
0.198
0.052
0.052
0.052
0.052
0.052
0.052
0.052
0.052
0.052
0.052
0.052
0.052
0.052
0.052
0.052
0.052
0.052
0.052
0.052
0.052
0.052
0.052
0.052
0.052
0.052
0.052
0.052
0.052
0.052
0.052
0.052
0.052
0.052
0.052
0.052
0.052
0.052
0.052
0.052
0.052
0.052
0.052
0.052
0.052
0.052
0.052
0.052
0.052
0.052
0.052
0.052
0.052
0.052
0.198
0.198
0.198
0.198
0.198
0.198
0.198
0.198
0.198
0.198
0.198
0.198
0.198
0.198
0.198
0.198
0.198
0.198
0.198
0.198
0.242
0.242
0.242
0.242
0.242
0.242
0.242
0.242
0.242
0.242
0.242
0.242
0.242
0.242
0.052
0.145
0.145
0.145
0.145
0.145
0.145
0.145
0.145
0.145
0.145
0.145
0.145
0.145
0.145
0.145
0.145
0.145
0.145
0.052
0.052
0.052
0.052
0.052
0.052
0.052
0.052
0.052
0.052
0.052
0.052
0.052
0.052
0.052
0.052
0.052
0.052
0.052
0.052
0.052
0.052
0.052
0.052
0.052
0.052
0.052
0.052
0.052
0.198
0.198
0.198
0.198
0.198
0.198
0.198
0.198
0.198
0.198
0.198
0.198
0.198
0.198
0.198
0.198
0.198
0.198
0.198
0.198
0.052
0.052
0.052
0.052
0.052
0.242
0.242
0.242
0.242
0.242
0.242
0.242
0.242
0.242
0.242
0.242
0.242
0.242
0.242
0.052
0.052
0.052
0.052
0.052
0.052
0.052
0.052
0.052
0.052
0.052
0.052
0.052
0.052
0.052
0.052
0.052
0.052
0.052
0.052
0.052
0.052
0.052
0.052
0.052
0.052
0.052
0.052
0.052
0.052
0.052
0.052
0.052
0.052
0.052
0.052
0.052
0.052
0.052
0.052
0.052
0.052
0.198
0.198
0.198
0.198
0.198
0.198
0.198
0.198
0.198
0.198
0.198
0.198
0.198
0.198
0.198
0.198
0.198
0.198
0.198
0.291
0.145
0.335
0.335
0.335
0.335
0.335
0.335
0.335
0.335
0.335
0.335
0.335
0.335
0.335
0.335
0.145
0.145
0.052
0.052
0.052
0.052
0.052
0.052
0.052
0.052
0.052
0.052
0.052
0.052
0.052
0.052
0.052
0.052
0.052
0.052
0.052
0.052
0.052
0.052
0.052
0.052
0.052
0.052
0.052
0.052
0.052
0.052
0.052
0.052
0.052
0.052
0.052
0.052
0.052
0.052
0.052
0.052
0.052
0.052
0.052
0.052
0.198
0.198
0.198
0.198
0.198
0.198
0.198
0.198
0.198
0.198
0.198
0.198
0.388
0.388
0.388
0.388
0.388
0.388
0.388
0.388
0.242
0.242
0.242
0.242
0.242
0.242
0.052
0.052
0.052
0.052
0.052
0.052
0.052
0.052
0.052
0.052
0.052
0.052
0.052
0.052
0.052
0.052
0.052
0.052
0.052
0.052
0.052
0.052
0.052
0.052
0.052
0.052
0.052
0.052
0.052
0.052
0.052
0.052
0.052
0.052
0.159
0.159
0.159
0.159
0.159
0.159
0.305
0.305
0.291
0.291
0.291
0.291
0.291
0.291
0.291
0.291
0.291
0.291
0.198
0.198
0.198
0.198
0.198
0.198
0.198
0.198
0.242
0.242
0.242
0.242
0.242
0.242
0.242
0.242
0.242
0.242
0.242
0.242
0.242
0.242
0.052
0.052
0.052
0.052
0.052
0.052
0.052
0.052
0.052
0.052
0.052
0.052
0.052
0.052
0.052
0.052
0.052
0.052
0.052
0.052
0.052
0.145
0.145
0.145
0.145
0.145
0.145
0.145
0.145
0.145
0.145
0.291
0.291
0.291
0.291
0.291
0.291
0.291
0.291
0.198
0.198
0.198
0.198
0.198
0.198
0.198
0.198
0.198
0.198
0.198
0.198
0.052
0.052
0.052
0.052
0.052
0.052
0.052
0.052
0.052
0.052
0.052
0.052
0.052
0.052
0.052
0.052
0.052
0.066
0.066
0.066
0.106
0.106
0.106
0.106
0.106
0.106
0.296
0.296
0.296
0.296
0.296
0.296
0.296
0.296
0.296
0.296
0.296
0.296
0.296
0.296
0.106
0.106
0.106
0.199
0.199
0.199
0.199
0.199
0.199
0.199
0.199
0.199
0.199
0.199
0.159
0.159
0.159
0.159
0.159
0.159
0.159
0.066
0.066
0.066
0.066
0.066
0.066
0.066
0.066
0.052
0.112
0.052
0.166
0.312
0.312
0.312
0.312
0.312
0.312
0.312
0.312
0.312
0.312
0.312
0.312
0.312
0.312
0.312
0.312
0.312
0.312
0.312
0.312
0.166
0.166
0.166
0.166
0.356
0.356
0.682
0.682
0.682
0.682
0.356
0.356
0.356
0.5
0.5
0.5
0.5
0.5
0.31
0.31
0.31
0.31
0.43
0.43
0.43
0.43
0.43
0.43
0.43
0.43
0.561
0.561
0.561
3.633
3.633
3.633
3.633
3.633
3.633
3.633
3.647
3.647
3.647
3.647
3.647
3.647
3.647
3.647
3.647
3.647
3.647
3.647
3.647
3.647
3.27
3.27
3.27
3.27
3.27
3.27
3.27
3.27
3.27
3.27
3.27
3.27
3.27
3.27
3.27
3.27
3.27
3.27
3.27
3.27
3.124
3.124
3.314
3.314
3.314
3.314
3.314
3.314
3.314
3.314
3.314
3.314
3.314
3.314
3.314
3.314
3.124
3.124
3.124
0.052
0.052
0.052
0.052
0.052
0.052
0.052
0.052
0.145
0.145
0.145
0.145
0.145
0.145
0.145
0.145
0.145
0.145
0.145
0.145
0.145
0.145
0.145
0.145
0.145
0.145
0.052
0.052
0.052
0.052
0.052
0.052
0.052
0.052
0.052
0.052
0.052
0.052
0.052
0.052
0.052
0.052
0.052
0.052
0.052
0.052
0.052
0.052
0.052
0.052
0.052
0.052
0.198
0.388
0.388
0.388
0.388
0.388
0.388
0.388
0.388
0.388
0.388
0.388
0.388
0.388
0.388
0.198
0.198
0.198
0.198
0.198
0.052
0.052
0.052
0.052
0.052
0.052
0.052
0.052
0.052
0.052
0.052
0.052
0.052
0.052
0.052
0.052
0.052
0.052
0.052
0.052
0.052
0.052
0.052
0.052
0.052
0.052
0.052
0.052
0.052
0.052
0.052
0.052
0.052
0.052
0.052
0.052
0.145
0.145
0.145
0.145
0.145
0.145
0.145
0.145
0.145
0.145
0.145
0.145
0.145
0.145
0.145
0.145
0.145
0.145
0.242
0.242
0.242
0.242
0.242
0.242
0.242
0.242
0.242
0.242
0.242
0.242
0.242
0.242
0.052
0.455
0.455
0.495
0.495
0.495
0.495
0.495
0.495
0.495
0.495
0.495
0.495
0.641
0.641
0.641
0.641
0.641
0.641
0.641
0.641
0.641
0.641
0.641
0.641
0.641
0.641
0.641
0.641
0.641
0.641
0.641
0.641
0.495
0.495
0.495
0.495
1.466
1.466
1.466
0.495
0.495
0.51
0.51
0.51
0.51
0.51
0.496
0.496
0.496
0.496
0.496
0.496
0.496
0.496
0.496
0.686
0.686
0.686
0.686
0.686
0.686
0.7
0.7
0.7
0.7
0.7
0.793
0.793
0.793
0.472
0.472
0.472
0.472
0.472
0.472
0.432
0.432
0.432
0.432
0.432
0.432
0.432
0.432
0.432
0.339
0.339
0.339
0.339
0.339
0.339
0.339
0.339
0.339
0.485
0.485
0.485
0.485
0.485
0.485
0.616
0.616
0.616
0.616
0.616
0.616
0.616
0.616
0.616
0.616
0.616
0.616
0.616
0.616
0.47
0.455
0.455
0.455
0.455
0.455
0.455
0.455
0.441
0.481
0.481
0.35
0.35
0.35
0.35
0.35
0.35
0.54
0.54
0.54
0.54
0.54
0.54
0.54
0.54
0.54
0.54
0.54
0.54
0.54
0.54
0.35
0.35
0.35
0.35
0.35
0.35
0.35
0.35
0.443
0.443
0.443
0.443
0.443
0.443
0.443
0.443
0.443
0.443
0.443
0.443
0.443
0.443
0.443
0.443
0.443
0.443
0.35
0.496
0.496
0.496
0.496
0.496
0.496
0.496
0.496
0.496
0.198
0.198
0.198
0.198
0.198
0.198
0.198
0.198
0.198
0.198
0.198
0.052
0.052
0.052
0.052
0.052
0.052
0.052
0.052
0.052
0.052
0.242
0.242
0.242
0.242
0.242
0.242
0.242
0.242
0.242
0.335
0.335
0.335
0.335
0.335
0.145
0.145
0.145
0.145
0.145
0.145
0.145
0.145
0.145
0.145
0.145
0.145
0.145
0.052
0.052
0.35
0.35
0.35
0.35
0.35
0.35
0.35
0.35
0.35
0.35
0.35
0.35
0.35
0.35
0.35
0.31
0.31
0.31
0.31
0.31
0.31
0.456
0.456
0.456
0.456
0.516
0.516
0.516
0.516
0.516
0.516
0.516
0.516
0.402
0.402
0.402
0.416
0.416
0.416
0.416
0.416
0.27
0.27
0.27
0.27
0.27
0.27
0.27
0.27
0.21
0.21
0.21
0.21
0.21
0.21
0.21
0.21
0.21
0.21
0.4
0.4
0.4
0.4
0.4
0.493
0.493
0.493
0.493
0.493
0.493
0.607
0.607
0.607
0.417
0.417
0.417
0.417
0.417
0.417
0.273
0.273
0.273
0.18
0.18
0.18
0.18
0.18
0.18
0.18
0.18
0.18
0.18
0.18
0.28
0.32
0.32
0.206
0.206
0.306
0.306
0.306
0.306
0.306
0.306
0.306
0.306
0.306
0.366
0.366
0.366
0.306
0.306
0.306
0.306
0.306
0.366
0.512
0.524
0.584
0.644
0.584
0.572
0.572
0.572
0.572
0.587
0.587
0.587
0.68
0.68
0.68
0.68
0.68
1.006
1.006
1.006
0.86
0.534
0.624
0.624
0.636
0.636
0.576
0.576
0.636
0.636
0.483
0.471
0.471
0.471
0.471
0.471
0.281
0.281
0.281
0.341
0.401
0.401
0.401
0.401
0.401
0.401
0.401
0.341
0.461
0.461
0.592
0.652
0.55
0.55
0.55
0.55
0.55
0.55
0.55
0.55
0.784
0.784
0.93
0.93
0.93
1.37
1.37
1.37
1.37
1.37
1.37
1.31
1.41
1.35
1.35
1.35
1.29
1.25
1.25
1.25
1.25
1.25
1.089
1.149
1.149
1.149
1.149
1.149
1.149
1.149
1.209
0.862
0.922
0.962
0.862
1.362
1.182
1.182
1.302
1.242
1.242
0.757
0.817
0.697
0.697
0.566
0.566
0.566
0.566
0.473
0.473
0.663
0.663
0.783
0.783
0.783
0.735
0.735
0.735
0.735
0.735
0.723
0.723
0.723
0.563
0.373
0.313
0.313
0.313
0.313
0.313
0.313
0.373
0.619
0.659
0.659
0.599
0.599
0.599
0.599
0.599
0.599
0.599
0.599
0.599
0.599
0.599
0.599
0.599
0.599
0.599
0.599
0.599
0.453
0.453
0.453
0.453
0.453
0.453
0.453
0.453
0.453
0.393
0.393
0.052
0.052
0.052
0.052
0.052
0.052
0.052
0.145
0.145
0.145
0.145
0.145
0.145
0.145
0.145
0.145
0.145
0.145
0.145
0.145
0.145
0.145
0.145
0.145
0.145
0.052
0.052
0.052
0.052
0.052
0.198
0.198
0.198
0.198
0.198
0.198
0.198
0.198
0.198
0.198
0.198
0.198
0.198
0.198
0.198
0.198
0.388
0.388
0.388
0.388
0.242
0.242
0.242
0.242
0.242
0.242
0.242
0.242
0.242
0.242
0.052
0.052
0.145
0.145
0.145
0.145
0.145
0.145
0.145
0.145
0.145
0.145
0.145
0.145
0.145
0.145
0.145
0.145
0.145
0.145
0.052
0.052
0.052
0.052
0.052
0.052
0.052
0.052
0.052
0.052
