0.053
0.053
0.053
0.053
0.053
0.053
0.053
0.053
0.053
0.053
0.053
0.053
0.053
0.053
0.053
0.053
0.053
0.053
0.053
0.053
0.053
0.053
0.053
0.053
0.053
0.053
0.053
0.053
0.053
0.053
0.053
0.053
0.053
0.053
0.053
0.053
0.053
0.053
0.053
0.053
0.053
0.053
0.053
0.053
0.053
0.053
0.053
0.053
0.053
0.053
0.053
0.053
0.053
0.053
0.053
0.053
0.23
0.23
0.23
0.23
0.23
0.23
0.23
0.23
0.23
0.23
0.23
0.23
0.23
0.23
0.053
0.053
0.053
0.053
0.053
0.053
0.053
0.053
0.053
0.053
0.053
0.053
0.053
0.053
0.252
0.252
0.252
0.252
0.252
0.252
0.252
0.252
0.252
0.252
0.252
0.252
0.252
0.406
0.406
0.406
0.406
0.406
0.406
0.406
0.406
0.406
0.207
0.207
0.207
0.207
0.207
0.207
0.207
0.207
0.207
0.207
0.207
0.053
0.053
0.053
0.053
0.053
0.053
0.053
0.053
0.053
0.053
0.053
0.053
0.053
0.053
0.053
0.23
0.23
0.23
0.23
0.23
0.23
0.23
0.23
0.23
0.23
0.23
0.23
0.23
0.23
0.053
0.053
0.053
0.053
0.053
0.053
0.053
0.053
0.252
0.252
0.252
0.252
0.406
0.406
0.406
0.406
0.406
0.406
0.406
0.406
0.406
0.406
0.406
0.406
0.406
0.406
0.406
0.406
0.406
0.406
0.207
0.207
0.053
0.053
0.053
0.053
0.053
0.053
0.053
0.053
0.053
0.053
0.053
0.053
0.053
0.053
0.053
0.053
0.053
0.053
0.053
0.053
0.053
0.053
0.053
0.053
0.053
0.053
0.053
0.053
0.053
0.053
0.053
0.23
0.23
0.23
0.23
0.23
0.23
0.23
0.23
0.23
0.23
0.23
0.23
0.384
0.384
0.207
0.207
0.207
0.207
0.207
0.207
0.207
0.207
0.207
0.207
0.207
0.207
0.207
0.207
0.207
0.207
0.207
0.207
0.053
0.053
0.053
0.053
0.252
0.252
0.252
0.252
0.252
0.252
0.252
0.252
0.252
0.252
0.252
0.252
0.252
0.252
0.252
0.252
0.252
0.252
0.252
0.252
0.252
0.252
0.053
0.053
0.053
0.053
0.053
0.053
0.053
0.053
0.053
0.053
0.053
0.053
0.053
0.053
0.053
0.053
0.053
0.053
0.053
0.053
0.053
0.053
0.23
0.23
0.23
0.23
0.23
0.23
0.23
0.23
0.23
0.23
0.23
0.23
0.23
0.23
0.053
0.053
0.053
0.053
0.053
0.053
0.053
0.053
0.053
0.053
0.053
0.053
0.053
0.053
0.053
0.053
0.053
0.053
0.053
0.053
0.053
0.053
0.053
0.053
0.252
0.252
0.252
0.252
0.252
0.252
0.252
0.252
0.252
0.252
0.252
0.252
0.252
0.252
0.252
0.406
0.406
0.406
0.406
0.406
0.406
0.406
0.207
0.207
0.207
0.207
0.207
0.207
0.207
0.207
0.207
0.207
0.207
0.207
0.207
0.053
0.053
0.113
0.113
0.113
0.113
0.113
0.113
0.113
0.113
0.113
0.113
0.113
0.113
0.113
0.113
0.113
0.113
0.113
0.113
0.113
0.113
0.113
0.113
0.113
0.113
0.113
0.113
0.113
0.113
0.113
0.113
0.113
0.113
0.113
0.113
0.113
0.113
0.113
0.113
0.113
0.113
0.113
0.113
0.113
0.113
0.185
0.538
0.538
0.478
0.478
0.478
0.478
0.478
2.509
2.509
3.362
3.362
3.362
2.509
2.509
2.509
2.509
2.569
2.509
2.509
2.509
2.355
2.355
2.156
2.156
2.156
2.156
2.156
2.156
0.173
0.173
0.173
0.173
0.173
0.173
2.339
2.339
2.339
0.233
0.233
0.233
0.233
0.233
0.233
0.233
0.233
0.233
0.233
0.233
0.233
0.233
0.233
0.233
0.233
0.233
0.233
0.233
0.233
0.233
0.233
0.233
0.293
1.146
1.086
1.086
0.233
0.233
0.387
0.564
0.564
0.564
0.664
0.616
0.616
0.616
0.616
0.616
0.635
0.635
0.635
0.635
0.635
0.657
0.694
0.694
0.575
0.575
0.421
0.421
0.421
0.421
0.421
0.501
0.501
0.324
0.324
0.324
0.324
0.324
0.324
0.324
0.324
0.324
0.324
0.125
0.302
0.302
0.125
0.125
0.125
0.125
0.125
0.125
0.125
0.125
0.125
0.125
0.125
0.302
0.302
0.125
0.125
0.125
0.125
0.125
0.125
0.125
0.125
0.125
0.125
0.125
0.302
0.302
0.62
0.62
0.62
0.62
0.62
2.729
2.729
2.729
2.729
2.729
2.729
2.729
2.729
2.729
2.729
2.729
2.729
2.729
2.729
2.552
2.706
2.706
2.706
2.706
2.706
2.706
2.706
2.706
2.706
2.706
2.706
2.706
2.706
2.706
2.905
2.905
2.905
2.905
2.905
2.905
2.751
2.751
2.751
2.751
2.751
2.751
2.751
2.751
2.751
2.751
2.751
2.751
2.751
2.751
2.751
2.751
2.552
2.552
2.552
2.552
2.552
2.552
2.552
2.552
2.552
0.053
0.053
0.053
0.053
0.053
0.053
0.053
0.053
0.053
0.053
0.053
0.053
0.053
0.053
0.09
0.267
0.267
0.267
0.327
0.267
0.267
0.267
0.267
0.267
0.267
0.267
0.267
0.267
0.267
0.09
0.09
0.09
0.09
0.09
0.09
0.09
0.09
0.09
0.09
0.09
0.09
0.09
0.09
0.09
0.09
0.289
0.289
0.289
0.289
0.289
0.289
0.289
0.289
0.289
0.289
0.289
0.289
0.289
0.289
0.408
0.408
0.408
0.289
0.289
0.289
0.289
0.289
0.09
0.09
0.09
0.09
0.09
0.943
0.943
0.943
0.09
0.09
0.09
0.207
0.207
0.207
0.207
0.207
0.207
0.523
0.523
0.523
0.523
0.207
2.459
2.459
2.459
2.459
2.636
2.636
2.636
2.636
2.636
2.482
2.482
2.482
2.482
2.482
2.595
2.595
2.595
2.595
2.478
2.478
0.226
0.226
0.226
0.226
0.226
0.226
0.226
0.226
0.226
0.226
0.126
0.126
0.126
0.126
0.126
0.325
0.325
0.325
0.397
0.397
0.397
0.397
0.397
0.397
0.457
0.457
2.38
2.38
2.38
2.38
2.38
2.38
2.38
2.38
2.38
2.38
2.38
2.181
2.181
2.181
2.181
2.181
2.3
2.3
2.3
2.3
2.3
0.198
0.138
0.138
0.138
0.138
0.138
0.138
0.138
0.138
0.138
0.138
0.138
0.138
0.138
0.315
0.315
0.469
0.469
0.469
0.469
0.456
0.456
0.456
0.456
0.456
0.456
0.456
0.456
0.279
0.279
0.279
0.279
0.279
0.279
0.279
0.279
0.268
0.268
0.268
0.268
0.281
0.281
0.281
0.281
0.48
0.48
0.48
0.48
0.48
0.48
0.48
0.48
0.48
0.48
0.48
0.48
0.599
0.599
0.599
0.599
0.599
0.599
0.599
0.776
0.776
0.599
0.4
0.4
0.4
0.4
0.4
0.4
0.4
0.4
0.4
0.4
0.577
0.434
0.138
0.138
0.138
0.138
0.138
0.138
0.158
0.158
0.158
0.478
0.478
0.655
0.655
0.478
0.538
0.538
0.538
0.538
0.538
0.538
0.538
0.538
0.478
0.301
0.478
0.478
0.796
0.796
0.796
0.796
0.95
2.882
2.882
2.882
2.882
2.869
3.185
3.042
3.042
3.042
2.726
2.726
2.726
2.726
2.726
2.726
2.925
2.925
2.925
2.925
2.771
2.771
2.771
2.771
2.771
2.831
2.831
2.771
2.771
2.771
2.771
2.771
2.771
2.902
2.902
2.902
2.902
2.902
2.703
2.703
2.683
2.683
2.683
2.683
2.683
2.683
2.683
2.683
2.683
2.683
2.683
2.683
2.696
2.873
2.873
2.873
2.873
2.873
2.873
2.873
3.027
0.528
0.528
0.528
0.528
0.528
0.528
0.351
0.351
0.351
0.351
0.494
0.494
0.494
0.494
0.494
0.494
0.494
0.494
0.494
0.34
0.34
0.34
0.34
0.34
0.34
0.34
0.34
0.34
0.34
0.34
0.34
0.34
0.34
0.34
0.34
0.34
0.34
1.669
1.669
1.669
1.669
1.669
1.669
1.669
1.669
2.184
2.184
2.184
2.184
1.868
1.868
1.868
1.868
1.868
1.868
3.974
3.974
3.974
1.868
1.868
1.868
1.868
1.987
1.987
1.974
1.974
1.974
1.775
1.775
1.825
1.682
1.682
1.682
1.682
1.682
1.682
1.682
1.682
1.682
1.682
1.682
1.682
1.682
1.682
1.682
1.859
1.859
2.013
2.013
2.013
2.013
2.013
2.013
2.013
2.013
2.073
2.073
0.744
0.744
0.567
0.567
0.507
0.507
0.507
0.507
0.507
0.507
0.353
0.353
0.353
0.413
0.413
0.413
0.413
0.413
0.413
0.413
0.473
0.473
0.473
0.413
0.413
0.413
0.413
0.413
0.413
0.413
0.413
0.413
0.413
0.413
2.519
2.519
2.519
0.413
0.413
0.413
0.413
0.413
0.413
0.413
0.413
0.413
0.413
0.413
0.413
0.413
0.413
0.413
0.413
0.413
0.413
0.413
0.413
0.413
0.413
0.413
0.59
0.59
0.744
0.744
0.744
0.943
0.943
0.943
0.943
0.943
0.943
0.943
0.943
0.943
0.766
0.766
0.766
0.766
0.706
0.706
0.706
0.706
0.552
0.552
0.552
0.552
0.552
0.353
0.353
0.353
0.353
0.353
0.353
0.39
0.39
0.39
0.39
0.39
0.39
0.39
0.533
0.483
0.483
0.483
0.483
0.483
0.483
0.483
0.483
0.483
0.483
0.483
0.483
0.483
0.496
0.496
0.496
0.496
0.496
0.496
0.496
0.496
0.496
0.377
0.377
0.377
0.377
0.377
0.377
0.377
0.377
0.554
0.554
0.554
0.554
0.554
0.554
0.554
0.554
0.554
0.554
0.554
0.554
0.554
0.554
0.377
0.377
0.377
0.377
0.377
0.576
0.576
0.433
0.433
0.433
0.433
0.533
0.593
0.593
0.593
0.653
0.729
0.669
0.823
0.823
0.983
0.946
0.946
0.946
0.946
0.946
0.883
0.784
0.784
0.784
0.653
0.653
0.701
0.653
0.696
0.636
0.636
0.696
0.542
0.482
0.482
0.482
0.529
0.529
0.478
0.478
0.478
0.478
0.478
0.478
0.478
0.478
0.478
0.478
0.478
0.478
0.578
0.578
0.538
0.715
0.715
0.715
0.715
0.715
0.715
0.615
0.606
0.606
0.606
0.606
0.706
0.706
0.706
0.429
0.628
0.637
0.637
0.637
0.637
0.637
0.657
0.811
0.823
0.823
0.823
0.823
0.823
0.823
0.811
0.811
0.811
0.871
0.871
0.871
0.811
0.811
0.612
0.612
0.612
0.625
0.625
0.471
0.471
0.471
0.471
0.471
0.395
0.335
0.395
0.345
0.345
0.345
0.336
0.336
0.336
0.336
0.336
0.336
0.336
0.412
0.412
2.518
2.518
2.518
0.352
0.452
0.512
0.66
0.64
0.6
0.54
0.54
0.54
0.54
0.54
0.6
0.66
0.66
0.66
0.779
0.719
0.719
0.719
0.918
0.978
0.978
0.918
0.858
0.858
0.858
0.918
0.918
0.918
0.968
0.968
0.968
0.968
0.968
0.968
0.968
0.968
1.122
1.122
1.122
1.022
1.072
1.022
1.022
1.022
1.022
1.022
0.862
0.862
2.845
2.785
2.845
2.845
2.845
2.945
2.668
2.668
2.514
2.514
2.514
2.514
2.514
2.514
2.471
2.514
2.514
2.454
2.454
2.454
2.454
0.471
0.483
0.483
0.471
0.471
0.471
0.471
0.471
0.471
0.471
0.602
0.526
0.526
0.483
0.626
0.626
0.626
0.726
0.726
0.786
0.786
0.786
0.786
0.706
0.706
0.766
0.766
0.766
0.766
0.766
0.766
0.766
0.766
0.766
0.766
0.766
0.766
0.766
0.766
0.866
0.866
0.766
0.766
0.766
0.766
0.706
0.706
0.905
0.858
0.918
0.918
1.012
1.012
0.478
0.655
0.655
0.655
0.655
0.655
0.655
0.655
0.655
0.655
0.832
0.832
0.655
0.655
0.655
0.478
0.279
0.279
0.125
0.125
