0.053
0.053
0.053
0.053
0.053
0.053
0.053
0.053
0.053
0.053
0.053
0.053
0.053
0.053
0.053
0.053
0.053
0.053
0.053
0.053
0.053
0.053
0.053
0.053
0.053
0.053
0.053
0.053
0.053
0.053
0.245
0.245
0.245
0.245
0.245
0.245
0.245
0.245
0.245
0.245
0.245
0.245
0.245
0.245
0.053
0.053
0.053
0.053
0.053
0.053
0.053
0.053
0.053
0.053
0.053
0.053
0.053
0.053
0.053
0.053
0.053
0.053
0.053
0.053
0.053
0.053
0.053
0.053
0.053
0.053
0.053
0.053
0.053
0.053
0.053
0.053
0.053
0.053
0.053
0.053
0.053
0.053
0.053
0.053
0.053
0.053
0.053
0.053
0.053
0.053
0.053
0.239
0.239
0.239
0.239
0.239
0.239
0.239
0.239
0.239
0.239
0.431
0.431
0.431
0.431
0.431
0.431
0.431
0.594
0.594
0.594
0.594
0.594
0.408
0.408
0.216
0.216
0.216
0.216
0.216
0.216
0.216
0.216
0.216
0.216
0.216
0.216
0.216
0.053
0.053
0.053
0.053
0.053
0.053
0.053
0.053
0.053
0.053
0.053
0.053
0.053
0.053
0.053
0.053
0.053
0.053
0.053
0.053
0.053
0.053
0.053
0.053
0.053
0.053
0.053
0.053
0.053
0.053
0.053
0.053
0.239
0.239
0.239
0.239
0.239
0.239
0.239
0.239
0.239
0.239
0.239
0.239
0.239
0.239
0.239
0.239
0.239
0.239
0.239
0.431
0.431
0.431
0.245
0.285
0.285
0.285
0.345
0.345
0.345
0.345
0.245
0.345
0.345
0.153
0.153
0.153
0.153
0.053
0.053
0.053
0.053
0.053
0.113
0.113
0.053
0.053
0.053
0.053
0.053
0.053
0.053
0.053
0.053
0.053
0.053
0.065
0.065
0.053
0.053
0.053
0.193
0.228
0.228
0.228
0.3
0.3
0.3
0.3
0.34
0.34
0.053
0.053
0.053
0.053
0.053
0.053
0.053
0.053
0.053
0.053
0.053
0.053
0.053
0.053
0.053
0.053
0.053
0.053
0.053
0.216
0.216
0.408
0.408
0.408
0.408
0.408
0.408
0.408
0.408
0.408
0.408
0.408
0.408
0.408
0.408
0.216
0.216
0.216
0.402
0.239
0.239
0.239
0.239
0.239
0.239
0.239
0.239
0.239
0.239
0.239
0.239
0.239
0.239
0.239
0.239
0.239
0.239
0.239
0.239
0.239
0.053
0.053
0.053
0.053
0.053
0.053
0.053
0.053
0.053
0.053
0.053
0.053
0.053
0.053
0.053
0.053
0.053
0.053
0.053
0.053
0.053
0.053
0.113
0.113
0.053
0.053
0.053
0.053
0.053
0.053
0.053
0.053
0.245
0.365
2.259
2.199
2.199
0.305
0.305
0.305
0.245
0.245
0.245
0.245
0.245
0.245
0.053
0.053
0.053
0.053
0.053
0.053
0.053
0.239
0.239
0.239
0.239
0.239
0.239
0.239
0.239
0.239
0.239
0.239
0.239
0.239
0.239
0.402
0.402
0.402
0.402
0.402
0.402
0.402
0.402
0.216
0.216
0.216
0.216
0.216
0.316
0.316
0.316
0.216
0.216
0.276
0.311
0.113
0.113
0.148
0.053
0.053
0.053
0.053
0.053
0.053
0.053
0.053
0.053
0.053
0.053
0.053
0.053
0.053
0.053
0.245
0.245
0.245
0.245
0.245
0.245
0.245
0.245
0.245
0.34
0.305
0.305
0.305
0.305
0.113
0.113
0.113
0.188
0.188
0.188
0.188
0.188
0.188
0.113
0.173
0.173
0.113
0.113
0.153
0.153
0.153
1.002
1.002
1.042
1.042
1.042
1.042
1.042
1.042
1.042
1.042
1.002
1.002
1.002
1.002
1.014
1.014
1.014
1.16
1.16
1.16
0.997
0.997
0.811
0.811
0.911
0.411
0.411
0.411
0.411
0.399
0.399
0.293
0.293
0.293
0.333
0.333
0.333
0.333
0.368
0.428
0.528
0.528
0.528
0.528
0.528
0.468
0.66
0.7
0.66
0.62
0.62
0.726
0.726
0.726
0.786
0.795
0.795
0.735
0.735
0.775
0.583
0.483
0.483
0.543
0.543
0.706
0.706
0.706
0.706
0.706
0.706
0.666
0.606
0.606
0.606
0.606
0.606
0.571
0.571
0.571
0.571
0.571
0.571
0.571
0.531
0.368
0.368
0.868
0.868
0.368
0.368
0.368
0.368
0.168
0.168
0.168
0.168
0.168
0.168
0.168
0.168
0.208
0.199
0.199
0.199
0.199
0.199
0.199
0.199
0.159
0.159
0.159
0.159
0.159
0.153
0.153
0.399
0.339
0.339
0.339
0.339
0.339
0.348
0.348
0.399
0.399
0.399
0.399
0.959
0.959
0.959
0.959
1.043
1.235
1.235
1.235
1.235
1.235
1.049
1.049
1.049
0.949
0.949
0.949
0.989
1.089
1.089
0.797
0.857
0.857
0.757
0.757
0.757
0.817
0.877
2.978
2.978
2.978
2.978
2.978
2.978
2.918
2.918
2.918
2.858
2.858
3.358
3.298
3.298
3.298
3.298
3.298
3.298
3.298
3.373
1.432
1.432
1.472
1.633
1.693
1.693
1.693
1.753
1.753
1.265
1.3
1.3
1.225
1.185
1.185
1.165
1.391
1.391
1.291
1.291
1.256
3.21
3.14
3.24
1.446
1.406
1.446
1.446
1.446
1.446
1.506
1.446
1.446
1.446
1.446
1.446
1.474
1.474
1.248
0.053
0.053
0.053
0.053
0.053
0.053
0.053
0.053
0.053
0.053
0.053
0.053
0.053
0.053
0.053
0.053
0.053
0.216
0.216
0.216
0.216
0.216
0.216
0.216
0.216
0.216
0.216
0.216
0.216
0.216
0.216
0.216
0.216
0.216
0.216
0.216
0.216
0.053
0.053
0.053
0.053
0.053
0.053
0.053
0.053
0.053
0.239
0.239
0.239
0.239
0.239
0.239
0.431
0.431
0.431
0.431
0.431
0.431
0.431
0.431
0.431
0.431
0.431
0.431
0.431
0.431
0.239
0.239
0.053
0.053
0.053
0.053
0.053
0.053
0.053
0.053
0.053
0.053
0.053
0.216
0.216
0.216
0.216
0.216
0.216
0.216
0.216
0.216
0.216
0.216
0.216
0.216
0.216
0.216
0.216
0.216
0.216
0.216
0.216
0.053
0.053
0.053
0.053
0.053
0.053
0.053
0.053
0.053
0.053
0.053
0.053
0.053
0.053
0.053
0.239
0.239
0.239
0.239
0.239
0.239
0.239
0.239
0.239
0.239
0.239
0.239
0.239
0.239
0.239
0.239
0.239
0.239
0.239
0.431
0.431
0.431
0.245
0.245
0.245
0.245
0.245
0.245
0.245
0.245
0.245
0.245
0.245
0.053
0.053
0.053
0.053
0.053
0.053
0.053
0.053
0.053
0.053
0.053
0.053
0.053
0.053
0.053
0.053
0.053
0.053
0.053
0.053
0.053
0.053
0.053
0.053
0.053
0.053
0.053
0.053
0.053
0.053
0.053
0.053
0.053
0.053
0.053
0.053
0.053
0.053
0.239
0.239
0.239
0.239
0.239
0.239
0.239
0.239
0.239
0.239
0.239
0.239
0.239
0.239
0.239
0.239
0.239
0.239
0.239
0.239
0.431
0.431
0.245
0.245
0.245
0.408
0.408
0.408
0.408
0.408
0.408
0.408
0.408
0.408
0.216
0.216
0.216
0.216
0.216
0.216
0.216
0.216
0.216
0.216
0.216
0.053
0.053
0.053
0.053
0.053
0.053
0.053
0.053
0.053
0.053
0.053
0.053
0.053
0.053
0.053
0.053
0.053
0.053
0.053
0.053
0.244
0.256
0.256
0.256
0.256
0.268
0.308
0.482
0.482
0.482
0.239
0.239
0.239
0.239
0.239
0.239
0.239
0.239
0.239
0.239
0.239
0.239
0.239
0.239
0.239
0.239
0.594
0.594
0.594
0.408
0.408
0.408
0.408
0.408
0.408
0.408
0.408
0.408
0.408
0.408
0.216
0.216
0.216
0.216
0.216
0.216
0.053
0.053
0.053
0.053
0.053
0.053
0.053
0.053
0.053
0.053
0.053
0.053
0.053
0.053
0.053
0.053
0.053
0.053
0.053
0.053
0.053
0.053
0.053
0.053
0.244
0.376
0.376
0.482
0.482
0.482
0.376
0.436
0.436
0.436
0.436
0.436
0.436
0.496
0.496
0.496
0.496
0.496
0.496
0.496
0.536
0.536
0.596
0.596
0.536
0.548
0.548
0.416
0.356
0.462
0.462
0.462
0.708
0.708
0.708
0.708
0.708
0.868
0.868
0.908
0.968
1.051
1.183
1.051
1.051
1.051
1.096
1.288
1.213
1.233
1.233
1.173
1.073
1.073
0.841
0.841
0.841
0.841
0.841
0.841
0.887
0.562
0.562
0.562
0.502
0.502
0.562
0.562
0.396
0.496
0.496
0.996
0.996
0.996
0.996
1.031
1.031
1.031
1.091
1.091
1.079
1.079
1.079
1.079
1.139
1.139
0.639
0.639
0.639
0.639
0.639
0.639
0.651
1.188
1.2
1.2
1.188
1.188
1.188
1.188
1.197
3.215
3.215
3.215
3.215
3.115
3.221
3.221
3.221
3.221
3.221
3.161
3.324
3.324
3.275
3.461
3.461
3.461
3.788
3.682
3.647
3.647
1.629
1.629
1.629
1.641
1.641
1.676
1.676
1.676
1.676
1.676
1.381
1.321
1.291
0.791
0.791
0.605
0.605
0.605
0.605
0.605
0.665
0.665
0.605
0.565
0.565
0.565
0.465
0.465
0.465
0.465
0.465
0.465
0.965
0.965
0.965
1.071
1.071
1.071
1.071
1.131
1.171
1.171
1.171
1.291
0.791
0.791
0.659
0.659
0.659
0.659
0.659
0.659
0.719
0.719
0.719
0.719
0.719
0.759
0.879
0.879
0.819
0.819
0.819
0.996
1.128
1.3
1.348
1.348
1.288
1.288
1.48
1.48
1.42
1.42
1.429
1.429
1.606
1.606
1.429
1.429
1.529
1.529
1.529
1.529
1.437
1.274
1.274
0.988
0.988
1.165
1.165
0.882
0.882
0.847
0.953
0.953
0.953
1.292
1.292
1.292
1.292
1.013
1.19
1.13
1.508
1.508
1.548
1.416
1.416
0.9
0.9
0.734
0.694
0.754
0.784
0.784
0.896
1.028
1.028
1.028
1.028
1.028
1.063
0.963
0.868
0.868
0.868
0.868
0.968
0.968
0.968
0.968
0.867
0.867
0.807
0.707
0.707
0.707
0.707
0.707
0.707
0.893
0.893
0.893
0.953
0.953
0.953
0.953
0.953
0.853
0.853
0.793
0.793
0.956
0.956
0.956
0.956
1.088
1.088
1.088
1.028
1.028
1.028
0.842
0.842
0.842
0.842
0.842
0.842
0.842
0.842
0.55
0.55
0.387
0.548
0.588
0.748
0.688
1.088
1.088
1.088
1.088
1.088
1.128
1.128
1.188
1.188
1.158
1.17
1.026
1.026
1.026
1.126
1.126
1.126
1.114
1.126
1.126
1.126
1.074
1.074
1.074
1.104
1.144
1.144
1.084
1.084
1.225
1.25
1.25
1.25
1.25
1.15
1.15
1.15
1.15
1.15
1.15
1.15
1.15
1.15
1.15
1.15
1.162
1.162
1.171
1.171
1.111
1.111
1.243
1.243
1.838
1.803
1.803
1.803
1.803
1.803
1.803
1.803
1.803
1.803
1.803
1.343
1.303
1.303
1.303
1.303
1.263
1.455
1.455
1.618
1.658
1.658
1.57
1.57
1.57
1.57
1.67
1.67
1.67
1.67
1.67
1.478
1.478
1.418
1.604
1.604
1.704
1.704
1.704
1.541
1.532
1.567
1.567
1.467
1.437
1.437
1.437
0.239
0.239
0.239
0.239
0.239
0.239
0.239
0.239
0.239
0.053
0.053
0.053
0.053
0.053
0.053
0.053
0.053
0.053
0.053
0.053
0.053
0.053
0.053
0.053
0.053
0.053
0.053
0.053
0.053
0.053
0.053
0.053
0.053
0.216
0.216
0.216
0.216
0.216
0.216
0.216
0.216
0.216
0.216
0.216
0.216
0.216
0.216
0.216
0.216
0.216
0.216
0.216
0.216
0.053
0.053
0.053
0.053
0.053
0.053
0.053
0.053
0.053
0.053
0.053
0.053
0.053
0.053
0.245
0.245
0.245
0.245
0.245
0.245
0.245
0.245
0.245
0.245
0.245
0.245
0.245
