0.053
0.053
0.143
0.256
0.226
0.226
0.226
0.226
0.226
0.226
0.226
0.276
0.288
0.288
0.288
0.288
0.348
0.441
0.441
0.441
0.441
0.441
0.441
0.381
0.288
0.288
0.288
0.288
0.288
0.288
0.323
0.335
0.335
0.335
0.395
0.395
0.395
0.335
0.375
0.543
0.543
0.756
0.756
2.918
2.918
2.918
0.756
0.849
0.849
0.756
0.756
0.756
0.756
0.756
0.816
0.644
0.704
0.895
0.895
0.895
0.625
0.244
0.244
0.244
0.244
0.244
0.244
0.244
0.244
0.244
0.244
0.053
0.053
0.053
0.053
0.053
0.053
0.053
0.053
0.053
0.053
0.053
0.053
0.053
0.053
0.053
0.053
0.053
0.053
0.053
0.053
0.053
0.053
0.053
0.053
0.053
0.053
0.053
0.053
0.053
0.053
0.053
0.053
0.053
0.053
0.053
0.053
0.053
0.053
0.053
0.053
0.053
0.053
0.053
0.053
0.053
0.053
0.053
0.053
0.053
0.053
0.053
0.053
0.053
0.053
0.053
0.053
0.053
0.053
0.053
0.053
0.053
0.053
0.053
0.053
0.053
0.053
0.053
0.053
0.053
0.053
0.053
0.244
0.244
0.244
0.244
0.244
0.457
0.457
0.457
0.457
0.457
0.625
0.625
0.625
0.625
0.434
0.434
0.434
0.434
0.434
0.434
0.434
0.434
0.434
0.434
0.434
0.221
0.221
0.221
0.221
0.221
0.221
0.221
0.053
0.053
0.053
0.053
0.053
0.053
0.053
0.053
0.053
0.053
0.053
0.053
0.053
0.053
0.053
0.053
0.053
0.053
0.053
0.053
0.053
0.053
0.053
0.053
0.053
0.053
0.053
0.053
0.053
0.053
0.053
0.053
0.053
0.053
0.053
0.053
0.053
0.053
0.053
0.053
0.053
0.053
0.053
0.053
0.244
0.244
0.244
0.244
0.244
0.244
0.244
0.244
0.244
0.244
0.244
0.244
0.244
0.412
0.221
0.221
0.221
0.221
0.221
0.221
0.221
0.221
0.221
0.221
0.221
0.221
0.221
0.221
0.221
0.221
0.434
0.434
0.434
0.434
0.434
0.266
0.266
0.266
0.266
0.266
0.266
0.266
0.266
0.266
0.266
0.266
0.266
0.266
0.266
0.266
0.053
0.053
0.053
0.053
0.053
0.053
0.053
0.053
0.053
0.053
0.053
0.053
0.053
0.053
0.053
0.053
0.053
0.053
0.053
0.053
0.053
0.053
0.053
0.053
0.244
0.244
0.244
0.244
0.244
0.244
0.244
0.244
0.244
0.244
0.244
0.412
0.412
0.412
0.221
0.221
0.221
0.221
0.221
0.221
0.221
0.221
0.221
0.221
0.221
0.221
0.221
0.221
0.221
0.221
0.221
0.221
0.434
0.266
0.266
0.266
0.266
0.266
0.266
0.266
0.266
0.266
0.266
0.266
0.266
0.266
0.266
0.266
0.266
0.266
0.266
0.266
0.053
0.053
0.053
0.053
0.053
0.053
0.053
0.053
0.053
0.053
0.053
0.053
0.053
0.053
0.053
0.053
0.053
0.053
0.053
0.053
0.053
0.244
0.244
0.244
0.244
0.244
0.244
0.244
0.244
0.244
0.244
0.244
0.244
0.244
0.244
0.053
0.053
0.053
0.053
0.053
0.221
0.221
0.221
0.221
0.434
0.434
0.434
0.434
0.434
0.434
0.434
0.434
0.434
0.434
0.434
0.434
0.434
0.434
0.434
0.434
0.434
0.434
0.266
0.266
0.053
0.053
0.053
0.053
0.053
0.053
0.053
0.053
0.053
0.053
0.053
0.053
0.053
0.053
0.053
0.053
0.053
0.053
0.053
0.053
0.053
0.053
0.053
0.053
0.053
0.053
0.053
0.053
0.053
0.053
0.053
0.053
0.053
0.053
0.053
0.053
0.053
0.053
0.053
0.053
0.053
0.053
0.053
0.053
0.053
0.244
0.244
0.244
0.244
0.244
0.244
0.457
0.457
0.457
0.457
0.457
0.457
0.457
0.457
0.266
0.266
0.266
0.266
0.266
0.266
0.266
0.266
0.266
0.266
0.266
0.266
0.053
0.218
0.178
0.178
0.311
0.218
0.218
0.218
0.218
0.218
0.218
0.053
0.053
0.053
0.053
0.053
0.221
0.221
0.221
0.221
0.221
0.221
0.221
0.221
0.221
0.221
0.221
0.221
0.221
0.221
0.221
0.221
0.221
0.221
0.221
0.221
0.221
0.221
0.053
0.053
0.053
0.053
0.053
0.053
0.053
0.053
0.053
0.053
0.053
0.053
0.053
0.053
0.053
0.053
0.053
0.053
0.053
0.053
0.053
0.053
0.266
0.457
0.457
0.457
0.457
0.457
0.457
0.457
0.457
0.457
0.457
0.582
0.582
0.582
0.582
0.391
0.391
0.391
0.526
0.526
0.333
0.313
0.313
0.313
0.406
0.466
0.394
0.394
0.394
0.394
0.562
0.562
0.562
0.562
0.562
0.574
0.574
0.427
0.427
0.427
0.427
0.427
0.427
0.427
0.427
0.427
0.439
0.346
0.346
0.346
0.334
0.334
0.166
0.246
0.246
0.246
0.246
0.246
0.353
0.3
0.286
0.246
0.258
0.246
0.246
0.246
0.246
0.246
0.246
0.246
0.246
0.246
0.186
0.248
0.248
0.308
0.608
0.355
0.355
0.27
0.27
0.27
0.31
0.27
0.27
0.27
0.27
0.543
0.543
0.543
0.543
0.636
0.636
0.624
0.684
0.684
0.774
0.681
0.621
0.777
0.777
0.777
0.837
0.837
0.837
0.777
0.727
0.514
0.514
0.514
0.514
0.514
0.454
0.454
0.454
0.754
0.754
0.641
0.641
0.641
0.621
0.453
0.525
0.525
0.525
0.525
0.525
0.525
0.525
0.545
2.528
2.528
2.528
2.528
2.528
2.528
2.528
2.528
2.528
2.528
2.528
2.528
2.563
2.563
2.623
2.588
2.588
2.588
2.638
2.638
2.578
0.655
0.655
0.525
0.537
0.537
0.75
0.8
0.8
0.812
0.812
0.8
0.86
0.86
0.8
0.8
0.8
0.8
0.75
0.75
0.75
0.75
0.785
0.785
0.953
0.953
0.44
0.44
0.405
0.405
0.405
0.405
0.405
0.445
0.445
0.365
0.365
0.365
0.365
0.465
0.525
0.425
0.425
0.425
0.499
0.439
0.364
0.364
0.364
0.364
0.424
0.615
0.648
0.648
0.648
0.648
0.648
0.648
0.648
0.648
0.648
0.648
0.648
0.648
0.845
0.654
0.477
0.69
0.825
0.825
0.837
0.837
0.887
0.887
1.953
1.953
1.953
1.064
1.064
0.887
0.922
0.922
0.922
0.922
0.922
0.922
0.922
0.709
0.709
0.709
0.886
1.188
1.011
0.958
0.918
0.797
0.797
0.797
0.93
0.93
0.93
0.916
0.936
1.113
1.113
1.431
1.431
1.431
1.411
1.411
3.343
3.343
3.25
3.25
3.25
4.54
4.54
4.54
4.54
4.54
4.372
4.372
4.372
4.372
4.372
4.372
4.372
4.372
4.372
4.372
4.292
4.292
4.292
4.28
4.28
4.58
4.58
4.58
4.58
4.28
4.38
4.571
4.471
4.459
4.499
3.169
3.169
3.169
3.382
3.382
3.382
3.382
3.475
3.615
3.615
3.384
3.396
3.396
3.436
3.436
3.396
3.396
3.456
3.456
3.271
3.311
3.311
3.311
3.098
3.098
0.599
0.659
0.659
0.619
0.631
0.631
0.631
0.631
0.631
0.799
0.834
0.834
0.834
0.884
0.884
0.884
0.884
0.884
0.884
0.884
0.984
0.984
0.984
0.984
0.984
0.984
1.019
0.919
0.919
0.919
0.919
0.751
0.751
0.751
0.751
0.751
0.751
0.751
0.811
0.811
0.751
0.751
0.791
0.658
0.658
0.658
0.718
0.718
0.718
0.718
0.718
0.774
0.987
0.987
0.987
0.987
0.927
0.941
0.941
0.941
0.941
0.941
0.941
0.941
0.881
0.69
0.69
0.783
0.769
0.676
0.736
0.796
0.583
0.583
0.583
0.583
0.523
0.511
0.551
0.551
0.644
0.644
0.658
0.658
0.658
0.658
0.826
0.826
0.826
0.826
0.886
0.886
0.886
0.886
0.886
0.886
0.886
0.88
0.8
0.8
0.74
0.74
0.74
0.74
0.754
0.754
1.114
1.114
0.946
0.946
0.853
0.793
0.493
0.706
0.706
0.859
0.799
0.899
0.899
0.899
0.899
0.899
0.939
0.939
0.999
0.999
1.299
1.299
1.039
1.039
0.999
0.939
0.939
0.738
0.828
0.718
0.718
0.889
0.889
0.889
0.889
0.789
0.789
0.789
0.789
0.689
0.749
0.689
0.689
0.689
0.689
0.558
0.578
0.578
0.578
0.518
0.518
0.425
0.425
0.425
0.425
0.725
0.725
0.725
0.725
0.725
0.725
0.425
0.425
0.425
0.505
0.505
0.505
0.505
0.505
0.465
0.64
0.6
0.64
0.94
1.04
1.005
1.04
1.052
1.052
1.052
1.052
1.052
1.052
0.992
0.857
0.857
0.809
0.809
0.809
0.909
0.909
0.909
0.909
0.969
1.019
1.079
1.079
1.079
1.079
1.172
1.067
1.396
1.396
1.396
1.396
1.609
1.609
1.509
1.449
1.449
1.449
1.409
1.409
1.429
1.369
1.198
1.198
1.198
1.238
1.2
1.2
1.313
1.313
1.145
1.032
0.819
2.305
2.305
2.365
2.365
2.365
2.365
2.413
2.413
2.413
2.413
2.413
2.443
2.443
2.543
2.543
2.543
2.45
2.45
2.4
0.053
0.053
0.053
0.053
0.053
0.053
0.053
0.053
0.053
0.053
0.053
0.053
0.053
0.053
0.053
0.053
0.053
0.053
0.053
0.053
0.053
0.053
0.221
0.221
0.221
0.221
0.221
0.221
0.221
0.221
0.221
0.221
0.412
0.412
0.412
0.412
0.412
0.412
0.412
0.625
0.625
0.625
0.625
0.625
0.457
0.457
0.266
0.266
0.266
0.266
0.266
0.266
0.266
0.266
0.266
0.266
0.266
0.266
0.266
0.053
0.053
0.053
0.053
0.053
0.053
0.053
0.053
0.053
0.053
0.053
0.053
0.053
0.053
0.053
0.053
0.053
0.053
0.053
0.053
0.053
1.684
1.684
1.684
1.815
3.977
3.977
3.977
1.915
1.915
1.975
1.975
1.975
1.975
2.143
2.143
2.143
2.143
2.083
2.236
2.196
2.103
2.103
2.103
2.103
2.143
2.143
2.37
2.37
2.37
2.382
2.573
2.533
2.533
2.533
2.533
2.365
2.365
2.365
2.391
2.451
2.451
1.118
1.118
1.118
0.927
0.927
0.714
0.714
0.714
0.774
0.661
0.661
0.601
0.641
0.655
0.655
0.615
0.615
0.601
0.681
0.695
0.73
0.716
0.656
0.656
0.626
0.626
0.626
0.626
0.626
2.76
2.76
2.853
0.691
0.691
0.691
0.679
0.679
0.739
0.739
0.679
3.059
3.059
3.059
0.897
0.897
0.897
0.897
0.897
0.897
0.897
0.847
0.847
0.847
0.787
0.837
0.837
0.837
0.837
0.837
0.849
0.849
0.849
0.681
0.681
0.681
0.681
0.681
0.884
0.774
0.774
1.074
1.164
1.152
1.152
1.08
1.08
0.78
0.78
0.83
0.797
0.809
0.598
0.598
0.598
0.598
0.548
0.548
0.548
0.508
0.508
0.508
0.508
0.628
0.568
0.508
0.508
0.621
0.621
0.496
0.496
0.496
0.496
0.536
0.536
0.496
0.496
0.496
0.496
0.546
0.546
0.546
0.496
0.589
0.589
0.757
0.757
0.817
0.817
0.857
0.857
0.857
0.857
0.857
0.764
0.814
0.814
0.814
0.764
0.771
0.771
0.771
0.736
0.724
0.937
0.937
0.925
0.757
0.757
0.757
0.757
0.797
0.757
0.757
0.757
0.727
0.747
0.747
0.727
0.727
0.457
0.457
0.457
0.457
0.244
0.244
0.244
0.244
0.244
0.244
2.672
2.672
2.672
0.51
0.319
0.319
0.379
0.319
0.412
0.412
0.512
0.512
0.512
0.512
0.512
0.564
0.564
0.552
0.552
0.552
0.053
0.053
0.053
0.053
0.053
0.053
0.053
0.053
0.053
0.053
0.053
0.053
0.053
0.053
0.053
0.053
0.053
0.053
0.053
0.053
0.053
0.053
0.266
0.434
0.434
0.434
0.434
0.434
0.434
0.434
