0.052
0.052
0.052
0.052
0.052
0.052
0.052
0.052
0.052
0.052
0.052
0.052
0.052
0.052
0.052
0.052
0.052
0.052
0.052
0.052
0.052
0.052
0.052
0.052
0.052
0.052
0.052
0.052
0.052
0.052
0.052
0.052
0.052
0.052
0.052
0.052
0.052
0.052
0.052
0.052
0.052
0.052
0.052
0.052
0.052
0.052
0.052
0.052
0.052
0.052
0.052
0.052
0.052
0.052
0.052
0.052
0.052
0.052
0.052
0.052
0.052
0.052
0.052
0.052
0.052
0.204
0.204
0.204
0.204
0.204
0.204
0.204
0.204
0.204
0.204
0.204
0.204
0.204
0.204
0.204
0.204
0.204
0.204
0.204
0.204
0.052
0.052
0.052
0.052
0.052
0.052
0.052
0.052
0.052
0.052
0.052
0.052
0.052
0.052
0.052
0.052
0.052
0.255
0.255
0.365
0.365
0.365
0.365
0.365
0.365
0.365
0.365
0.365
0.365
0.365
0.365
0.162
0.162
0.162
0.162
0.162
0.162
0.052
0.052
0.052
0.052
0.052
0.052
0.052
0.204
0.204
0.204
0.204
0.204
0.204
0.204
0.204
0.204
0.204
0.204
0.204
0.204
0.204
0.204
0.204
0.204
0.204
0.204
0.204
0.052
0.052
0.052
0.052
0.052
0.052
0.052
0.052
0.052
0.052
0.052
0.052
0.052
0.052
0.052
0.052
0.052
0.052
0.052
0.052
0.052
0.052
0.052
0.052
0.052
0.052
0.052
0.052
0.052
0.052
0.052
0.052
0.052
0.052
0.052
0.052
0.052
0.052
0.052
0.052
0.052
0.162
0.162
0.162
0.162
0.162
0.162
0.162
0.162
0.162
0.162
0.162
0.365
0.365
0.365
0.365
0.365
0.365
0.365
0.255
0.255
0.255
0.255
0.255
0.255
0.255
0.052
0.052
0.052
0.052
0.052
0.052
0.052
0.052
0.052
0.204
0.204
0.204
0.204
0.204
0.204
0.204
0.204
0.204
0.204
0.204
0.204
0.204
0.204
0.204
0.204
0.204
0.204
0.204
0.204
0.052
0.052
0.052
0.052
0.052
0.052
0.052
0.052
0.052
0.162
0.162
0.162
0.162
0.162
0.162
0.162
0.162
0.162
0.162
0.162
0.162
0.162
0.162
0.162
0.162
0.162
0.162
0.255
0.255
0.255
0.255
0.255
0.255
0.255
0.255
0.255
0.255
0.255
0.255
0.255
0.255
0.204
0.204
0.204
0.204
0.204
0.204
0.204
0.204
0.204
0.204
0.204
0.204
0.204
0.204
0.204
0.204
0.204
0.204
0.204
0.204
0.052
0.052
0.052
0.052
0.052
0.052
0.052
0.052
0.052
0.052
0.052
0.052
0.052
0.052
0.052
0.052
0.052
0.052
0.052
0.052
0.162
0.162
0.162
0.162
0.162
0.162
0.162
0.162
0.162
0.162
0.162
0.162
0.162
0.162
0.162
0.162
0.162
0.162
0.052
0.052
0.052
0.052
0.052
0.052
0.052
0.204
0.204
0.204
0.204
0.204
0.204
0.204
0.204
0.204
0.204
0.204
0.204
0.204
0.204
0.204
0.204
0.204
0.204
0.204
0.204
0.052
0.052
0.052
0.052
0.052
0.052
0.052
0.052
0.052
0.052
0.052
0.052
0.162
0.162
0.162
0.179
0.179
0.179
0.179
0.179
0.179
0.229
0.229
0.229
0.229
0.229
0.229
0.229
0.229
0.229
0.119
0.119
0.119
0.119
0.119
0.119
0.119
0.119
0.119
0.119
0.119
0.119
0.271
0.271
0.271
0.271
0.271
0.271
0.271
0.271
0.271
0.271
0.271
0.474
0.474
0.474
0.474
0.474
0.474
0.474
0.474
0.474
0.322
0.322
0.322
0.322
0.322
0.119
0.119
0.119
0.119
0.119
0.119
0.119
0.119
0.102
0.102
0.102
0.102
0.102
0.052
0.052
0.052
0.052
0.052
0.052
0.052
0.162
0.162
0.162
0.162
0.162
0.162
0.162
0.162
0.162
0.162
0.162
0.162
0.162
0.162
0.162
0.162
0.162
0.314
0.204
0.204
0.204
0.204
0.204
0.204
0.204
0.204
0.204
0.204
0.204
0.204
0.204
0.204
0.204
0.204
0.204
0.204
0.204
0.052
0.052
0.052
0.255
0.255
0.255
0.255
0.255
0.255
0.255
0.255
0.255
0.255
0.255
0.255
0.255
0.255
0.052
0.052
0.052
0.052
0.052
0.052
0.052
0.052
0.052
0.052
0.052
0.052
0.052
0.052
0.052
0.052
0.052
0.052
0.052
0.052
0.052
0.052
0.052
0.052
0.052
0.052
0.052
0.052
0.052
0.162
0.162
0.162
0.162
0.162
2.418
2.418
2.418
2.57
2.57
2.57
2.57
2.57
2.57
2.57
2.57
2.57
2.57
2.46
2.46
2.46
2.46
2.46
2.46
2.46
2.46
2.46
2.46
2.308
2.308
2.308
2.308
0.052
0.052
0.052
0.052
0.052
0.052
0.052
0.052
0.052
0.052
0.052
0.052
0.052
0.052
0.052
0.052
0.052
0.052
0.052
0.052
0.052
0.255
0.255
0.255
0.255
0.255
0.255
0.255
0.255
0.255
0.255
0.255
0.255
0.255
0.255
0.052
0.052
0.052
0.052
0.052
0.052
0.052
0.052
0.052
0.052
0.052
0.162
0.162
0.162
0.162
0.162
0.162
0.162
0.162
0.162
0.162
0.162
0.162
0.314
0.314
0.314
0.314
0.314
0.314
0.204
0.204
0.204
0.204
0.204
0.204
0.204
0.204
0.204
0.204
0.204
0.204
0.204
0.204
0.052
0.052
0.052
0.052
0.052
0.052
0.052
0.052
0.052
0.052
0.052
0.052
0.052
0.052
0.052
0.052
0.052
0.052
0.052
0.255
0.255
0.255
0.255
0.255
0.255
0.255
0.255
0.255
0.255
0.255
0.255
0.255
0.255
0.052
0.052
0.052
0.052
0.052
0.162
0.162
0.162
0.162
0.162
0.162
0.162
0.162
0.162
0.162
0.162
0.162
0.162
0.162
0.162
0.162
0.162
0.162
0.052
0.052
0.052
0.052
0.052
0.052
0.052
0.052
0.052
0.052
0.052
0.052
0.052
0.052
0.052
0.052
0.052
0.052
0.052
0.052
0.052
0.052
0.052
0.052
0.052
0.052
0.052
0.052
0.204
0.204
0.204
0.204
0.204
0.204
0.407
0.407
0.407
0.407
0.407
0.407
0.407
0.407
0.407
0.407
0.407
0.407
0.407
0.407
0.052
0.052
0.052
0.052
0.052
0.052
0.052
0.052
0.052
0.052
0.052
0.052
0.052
0.052
0.052
0.052
0.052
0.052
0.052
0.052
0.052
0.052
0.052
0.052
0.052
0.052
0.052
0.052
0.052
0.052
0.052
0.052
0.052
0.052
0.052
0.052
0.052
0.052
0.052
0.052
0.052
0.204
0.204
0.204
0.204
0.204
0.204
0.204
0.204
0.204
0.204
0.204
0.204
0.204
0.204
0.204
0.204
0.204
0.204
0.204
0.204
0.052
0.052
0.052
0.052
0.162
0.162
0.162
0.162
0.162
0.162
0.162
0.162
0.162
0.162
0.162
0.365
0.365
0.365
0.365
0.365
0.365
0.365
0.255
0.255
0.255
0.255
0.255
0.255
0.255
0.052
0.052
0.052
0.052
0.052
0.052
0.052
0.052
0.052
0.052
0.052
0.052
0.052
0.052
0.052
0.052
0.052
0.052
0.052
0.052
0.052
0.052
0.052
0.052
0.052
0.052
0.052
0.052
0.052
0.052
0.052
0.052
0.052
0.052
0.052
0.052
0.052
0.052
0.052
0.052
0.162
0.162
0.162
0.162
0.162
0.162
0.162
0.162
0.162
0.162
0.162
0.162
0.162
0.162
0.162
0.162
0.162
0.162
0.255
0.255
0.255
0.255
0.407
0.407
0.407
0.407
0.407
0.407
0.407
0.407
0.407
0.407
0.204
0.204
0.204
0.204
0.204
0.204
0.204
0.204
0.204
0.204
0.052
0.052
0.052
0.052
0.052
0.052
0.052
0.052
0.052
0.052
0.052
0.052
0.052
0.052
0.052
0.052
0.052
0.052
0.052
0.052
0.052
0.052
0.052
0.052
0.063
0.063
0.063
0.063
0.063
0.063
0.063
0.063
0.063
0.063
0.063
0.063
0.063
0.063
0.063
0.063
0.063
0.063
0.063
0.063
0.063
0.063
0.063
0.063
0.266
0.266
0.266
0.376
0.376
0.376
0.376
0.376
0.393
0.393
0.393
0.393
0.393
0.393
0.19
0.19
0.19
0.19
0.19
0.19
0.19
0.195
0.195
0.195
0.195
0.195
0.195
0.195
0.195
0.195
0.195
0.195
0.195
0.195
0.347
0.347
0.347
0.347
0.347
0.347
0.347
0.347
0.347
0.347
0.347
0.347
0.347
0.347
0.232
0.221
0.221
0.221
0.221
0.221
0.069
0.069
0.069
0.069
0.069
0.069
0.069
0.069
0.069
0.098
0.098
0.098
0.213
0.213
0.196
0.196
1.269
1.269
1.269
0.196
0.196
0.196
0.196
0.306
0.306
0.306
0.191
0.191
0.208
0.208
0.208
0.208
0.208
0.208
0.208
0.208
0.208
0.208
0.208
0.208
0.208
0.301
0.301
0.301
0.301
0.301
0.301
0.301
0.301
0.301
0.301
0.301
0.301
0.301
0.301
2.354
2.354
2.354
2.354
2.605
2.605
2.605
2.605
2.354
2.354
2.354
2.354
2.354
2.354
2.354
2.354
2.354
2.354
2.354
2.354
2.354
2.354
2.354
2.354
2.354
2.354
2.354
0.069
0.069
0.069
0.221
0.221
0.221
0.204
0.204
0.204
0.204
0.204
0.204
0.204
0.204
0.204
0.204
0.204
0.204
0.57
0.57
0.57
0.57
0.319
0.167
0.167
0.167
0.167
0.167
0.167
0.167
0.167
0.167
0.167
0.167
0.337
0.337
0.337
0.337
0.337
0.337
0.337
0.337
0.337
0.397
0.397
0.397
0.397
0.397
0.397
0.397
0.397
0.397
0.287
0.49
0.43
0.43
0.43
0.43
0.47
0.43
0.255
0.255
0.255
0.255
0.255
0.255
0.255
0.052
0.052
0.052
0.052
0.052
0.052
0.052
0.052
0.204
0.204
0.204
0.204
0.204
0.204
0.204
0.204
0.204
0.204
0.204
0.204
0.204
0.204
0.204
0.204
0.204
0.204
0.204
0.204
0.052
0.052
0.052
0.052
0.052
0.052
0.052
0.052
0.052
0.052
0.052
0.052
0.052
0.052
0.162
0.162
0.162
0.162
0.162
0.162
0.162
0.162
0.162
0.162
0.162
0.162
0.162
0.162
0.162
0.162
0.162
0.162
0.052
0.052
0.052
0.052
0.052
0.052
0.052
0.052
0.052
0.052
0.052
0.052
0.052
0.052
0.052
0.052
0.052
0.052
0.052
0.052
0.204
0.407
0.407
0.407
0.407
0.407
0.407
0.407
0.407
0.407
0.407
0.407
0.407
0.407
0.407
0.204
0.204
0.204
0.204
0.204
0.052
0.052
0.052
0.052
0.052
0.052
0.052
0.162
0.162
0.162
0.162
0.162
0.162
0.162
0.162
0.162
0.162
0.162
0.162
0.162
0.162
0.162
0.162
0.162
0.162
0.052
0.052
0.052
0.052
0.052
0.052
0.052
0.052
0.052
0.052
0.052
0.052
0.052
0.052
0.052
0.052
0.052
0.052
0.052
0.052
0.052
0.052
0.052
0.052
0.052
0.052
0.052
0.052
0.052
0.052
0.052
0.052
0.052
0.052
0.052
0.052
0.162
0.162
0.277
0.277
0.277
0.337
0.337
0.337
0.337
0.337
0.337
0.337
0.54
0.675
0.675
0.675
0.675
0.713
0.603
0.603
0.603
0.534
0.534
0.534
0.534
0.534
0.351
0.351
0.348
0.348
0.348
0.348
0.348
0.348
0.348
0.348
0.348
0.348
0.348
0.398
0.398
0.398
0.398
0.398
0.398
0.398
0.398
0.348
0.348
0.348
0.348
0.348
0.608
0.608
0.608
0.608
0.509
0.509
0.619
0.619
0.619
0.619
0.619
0.679
0.679
0.679
0.679
0.679
0.799
0.889
0.829
0.829
0.789
0.789
0.739
0.699
0.437
0.437
0.457
0.457
0.457
0.342
0.322
0.322
0.322
0.322
0.322
0.322
0.305
0.296
0.327
0.327
0.267
0.267
0.267
0.267
0.327
0.327
0.327
0.327
0.327
0.327
