0.053
0.073
0.073
0.103
0.103
0.271
0.271
0.331
0.331
0.331
0.331
0.331
0.381
0.381
0.381
0.381
0.381
0.401
0.351
0.351
0.331
0.331
0.391
0.391
0.391
0.223
0.223
0.223
0.223
0.406
0.406
0.406
0.406
0.418
0.418
0.539
0.539
0.539
0.539
0.539
0.236
0.236
0.236
0.236
0.236
0.236
0.236
0.236
0.236
0.236
0.236
0.053
0.053
0.053
0.053
0.053
0.053
0.053
0.053
0.053
0.053
0.053
0.053
0.053
0.053
0.053
0.053
0.053
0.053
0.053
0.053
0.053
0.053
0.053
0.053
0.053
0.053
0.053
0.053
0.053
0.053
0.053
0.053
0.053
0.053
0.053
0.053
0.053
0.053
0.053
0.053
0.053
0.053
0.053
0.053
0.22
0.22
0.22
0.22
0.22
0.22
0.22
0.22
0.388
0.388
0.388
0.571
0.571
0.571
0.404
0.404
0.404
0.404
0.404
0.404
0.404
0.404
0.404
0.404
0.404
0.404
0.404
0.404
0.236
0.236
0.236
0.236
0.236
0.053
0.053
0.053
0.053
0.053
0.053
0.053
0.053
0.053
0.053
0.053
0.053
0.053
0.053
0.053
0.053
0.053
0.053
0.053
0.053
0.053
0.053
0.053
0.053
0.053
0.053
0.053
0.053
0.053
0.053
0.053
0.053
0.053
0.053
0.053
0.053
0.053
0.053
0.053
0.053
0.053
0.053
0.053
0.053
0.053
0.053
0.053
0.053
0.053
0.053
0.053
0.053
0.053
0.053
0.053
0.053
0.221
0.221
0.221
0.221
0.404
0.571
0.571
0.571
0.571
0.571
0.571
0.571
0.571
0.571
0.571
0.571
0.571
0.571
0.571
0.404
0.236
0.236
0.236
0.236
0.236
0.236
0.053
0.053
0.053
0.053
0.053
0.053
0.053
0.053
0.053
0.053
0.053
0.053
0.053
0.053
0.053
0.053
0.053
0.053
0.053
0.053
0.053
0.053
0.053
0.053
0.053
0.053
0.053
0.053
0.053
0.053
0.053
0.053
0.053
0.053
0.053
0.053
0.053
0.053
0.053
0.053
0.053
0.053
0.053
0.053
0.221
0.221
0.221
0.221
0.221
0.221
0.221
0.221
0.221
0.221
0.221
0.221
0.221
0.388
0.388
0.388
0.388
0.571
0.571
0.571
0.403
0.403
0.403
0.403
0.403
0.403
0.403
0.236
0.236
0.236
0.236
0.236
0.236
0.236
0.236
0.236
0.236
0.236
0.236
0.053
0.053
0.053
0.053
0.053
0.053
0.053
0.053
0.053
0.053
0.053
0.053
0.053
0.053
0.053
0.053
0.053
0.053
0.053
0.053
0.053
0.053
0.053
0.053
0.053
0.053
0.053
0.053
0.053
0.053
0.053
0.053
0.053
0.053
0.053
0.053
0.053
0.053
0.053
0.053
0.053
0.053
0.053
0.053
0.053
0.053
0.053
0.053
0.053
0.053
0.404
0.404
0.404
0.404
0.404
0.404
0.404
0.404
0.404
0.404
0.404
0.404
0.404
0.404
0.404
0.404
0.404
0.525
0.525
0.525
0.357
0.417
0.234
0.234
0.234
0.234
0.436
0.436
0.436
0.536
0.536
0.536
0.536
0.536
0.536
0.596
0.596
0.596
0.646
0.596
0.429
0.429
0.429
0.429
0.429
0.429
0.429
0.429
0.429
0.429
0.429
0.429
0.479
0.479
0.479
0.579
0.479
0.053
0.053
0.053
0.053
0.053
0.053
0.053
0.053
0.053
0.053
0.053
0.053
0.053
0.053
0.053
0.053
0.053
0.053
0.053
0.053
0.174
0.174
0.174
0.214
0.214
0.214
0.374
0.374
0.557
0.557
0.557
0.557
0.557
0.557
0.557
0.557
0.557
0.557
0.735
0.735
0.735
0.755
0.755
0.755
0.755
0.755
0.922
0.922
0.922
0.922
0.739
0.639
0.639
0.639
0.639
0.639
0.639
0.639
0.371
0.371
0.204
0.204
0.204
0.204
0.224
0.224
0.212
0.203
0.203
0.203
0.203
0.203
0.203
0.203
0.203
0.203
0.243
0.303
0.303
0.303
0.303
0.363
0.363
0.363
0.363
0.363
0.363
0.303
0.303
0.303
0.303
0.303
0.303
0.303
0.303
0.486
0.426
0.426
0.426
0.426
0.236
0.236
0.236
0.236
0.236
0.236
0.236
0.236
0.236
0.236
0.236
0.357
0.377
0.437
0.477
0.477
0.486
0.303
0.303
0.303
0.47
0.57
0.723
0.673
0.733
0.673
0.673
0.733
0.733
0.733
0.733
0.783
0.743
0.743
0.596
0.596
0.656
0.656
0.776
0.776
0.616
0.616
0.448
0.508
0.508
0.498
0.498
2.477
2.477
2.417
0.438
0.538
0.538
0.538
0.538
0.538
0.518
0.558
0.518
0.518
0.518
0.558
0.558
0.558
0.498
0.498
0.498
0.498
0.498
0.528
0.478
0.478
0.478
0.478
0.478
0.478
0.498
0.478
0.478
0.478
0.478
0.478
0.478
0.661
0.661
0.661
0.561
0.561
0.561
0.561
0.561
0.561
0.561
0.561
0.541
0.532
0.567
0.567
0.567
0.627
0.627
0.627
0.627
0.592
0.592
0.648
0.648
0.648
0.648
0.598
0.598
0.658
0.658
2.641
2.641
2.641
2.641
2.641
2.591
2.424
2.444
2.384
2.532
2.729
4.954
4.954
4.954
4.844
4.844
4.855
4.855
4.855
4.855
4.855
2.872
2.872
2.892
2.892
2.892
2.892
2.927
2.927
2.784
2.784
0.599
0.599
0.599
0.599
0.599
0.639
0.125
0.125
0.125
0.125
0.308
0.308
0.308
0.308
0.308
0.308
0.308
0.308
0.308
0.308
0.308
0.308
0.308
0.308
0.308
0.308
0.308
0.308
0.308
0.308
0.308
0.475
0.292
0.292
0.292
0.292
0.292
0.292
0.292
0.292
0.292
0.292
0.292
0.292
0.292
0.293
0.293
0.293
0.293
0.293
0.293
0.293
0.293
0.47
0.47
0.293
0.293
0.293
0.293
0.293
0.293
0.293
0.293
0.293
0.293
0.125
0.302
0.302
0.125
0.125
0.125
0.125
0.125
0.125
0.125
0.125
0.125
0.125
0.125
0.302
0.302
0.125
0.125
0.125
0.125
0.125
0.125
0.125
0.125
0.125
0.125
0.125
0.302
0.302
0.62
0.62
0.62
0.62
0.62
0.053
0.053
0.053
0.236
0.236
0.236
0.236
0.236
0.236
0.236
0.236
0.404
0.404
0.404
0.404
0.404
0.404
0.404
0.404
0.404
0.404
0.404
0.404
0.404
0.404
0.221
0.221
0.5
0.56
0.66
0.72
0.492
0.492
0.492
0.611
0.511
0.451
0.053
0.053
0.053
0.053
0.053
0.053
0.053
0.053
0.053
0.053
0.053
0.053
0.053
0.053
0.053
0.053
0.053
0.053
0.053
0.053
0.053
0.053
0.053
0.053
0.053
0.053
0.053
0.053
0.053
0.053
0.053
0.053
0.053
0.053
0.053
0.053
0.053
0.053
0.22
0.22
0.22
0.22
0.22
0.22
0.22
0.22
0.22
0.22
0.22
0.22
0.22
0.22
0.053
0.053
0.053
0.221
0.221
0.221
0.221
0.221
0.221
0.221
0.221
0.221
0.221
0.221
0.221
0.221
0.221
0.221
0.221
0.221
0.221
0.221
0.221
0.053
0.053
0.053
0.053
0.053
0.053
0.236
0.236
0.236
0.236
0.236
0.236
0.236
0.236
0.236
0.236
0.236
0.236
0.236
0.236
0.236
0.236
0.236
0.236
0.236
0.236
0.236
0.236
0.053
0.053
0.053
0.053
0.053
0.053
0.053
0.053
0.053
0.053
0.053
0.053
0.053
0.053
0.053
0.053
0.053
0.053
0.053
0.053
0.221
0.221
0.221
0.388
0.388
0.388
0.388
0.388
0.388
0.388
0.388
0.388
0.388
0.388
0.388
0.388
0.388
0.221
0.221
0.221
0.053
0.053
0.053
0.053
0.053
0.053
0.053
0.053
0.053
0.053
0.053
0.053
0.053
0.053
0.053
0.053
0.053
0.053
0.053
0.053
0.053
0.053
0.236
0.236
0.236
0.236
0.236
0.236
0.236
0.236
0.236
0.236
0.236
0.236
0.236
0.236
0.236
0.236
0.236
0.236
0.236
0.236
0.236
0.236
0.053
0.221
0.221
0.221
0.221
0.221
0.221
0.221
0.221
0.221
0.221
0.388
0.388
0.388
0.388
0.388
0.388
0.388
0.388
0.388
0.388
0.22
0.22
0.22
0.22
0.053
0.053
0.053
0.053
0.053
0.053
0.053
0.053
0.053
0.053
0.053
0.053
0.053
0.053
0.053
0.053
0.053
0.053
0.053
0.053
0.053
0.053
0.053
0.053
0.053
0.236
0.236
0.236
0.236
0.236
0.236
0.236
0.236
0.236
0.236
0.236
0.236
0.236
0.236
0.236
0.236
0.236
0.236
0.236
0.236
0.236
0.236
0.053
0.053
0.053
0.053
0.053
0.053
0.053
0.053
0.053
0.053
0.053
0.053
0.053
0.053
0.053
0.053
0.053
0.053
0.053
0.053
0.053
0.053
0.053
0.053
0.22
0.22
0.22
0.22
0.22
0.22
0.22
0.22
0.22
0.22
0.22
0.22
0.22
0.22
0.053
0.053
0.053
0.053
0.053
0.053
0.053
0.053
0.053
0.053
0.053
0.053
0.053
0.463
0.483
0.483
0.483
0.483
0.364
0.364
0.402
0.402
0.402
0.502
0.502
0.402
0.452
0.512
0.512
0.452
0.452
0.452
0.452
0.461
0.704
0.704
0.704
0.739
0.799
0.832
0.772
0.772
0.772
0.772
0.722
0.742
0.842
0.742
0.807
0.807
0.807
0.907
0.807
0.807
0.807
0.796
2.492
2.492
2.592
0.613
0.701
0.43
0.43
0.41
0.577
0.657
0.577
0.696
0.696
0.736
0.916
0.816
0.876
0.916
0.916
0.856
0.856
0.856
0.689
0.689
0.571
0.571
0.571
0.581
0.631
0.631
0.651
1.647
1.647
1.707
0.771
0.631
0.631
0.631
0.691
0.682
0.742
0.742
0.802
0.902
0.902
0.914
1.014
1.014
1.014
1.114
1.114
1.064
1.064
1.064
1.014
1.074
1.041
1.029
1.029
0.969
0.969
1.14
1.14
1.2
1.2
1.1
1.1
0.98
0.93
0.93
0.963
0.963
0.963
0.903
0.903
0.903
0.963
0.963
0.975
0.995
0.885
0.865
0.972
0.972
0.972
0.972
0.96
0.96
0.96
0.96
1.01
1.01
0.96
0.841
0.841
0.841
0.674
0.674
0.674
0.674
0.793
0.793
0.793
0.793
0.793
0.793
0.793
0.793
0.893
0.964
1.207
1.167
1.046
1.046
1.046
1.106
1.106
0.987
0.987
0.987
1.022
1.19
1.19
1.231
1.231
1.231
1.231
1.231
1.231
1.29
1.29
1.29
2.103
2.103
2.103
1.107
1.107
1.107
1.057
1.101
1.101
0.933
0.933
0.865
0.865
0.825
2.804
2.804
2.804
0.825
0.825
0.825
0.825
0.825
0.825
0.932
0.992
0.992
0.932
0.932
0.932
0.912
0.912
0.912
0.912
0.912
0.945
2.924
2.924
2.757
0.778
0.607
0.567
0.567
0.567
0.567
0.567
0.567
0.567
0.567
0.567
0.567
0.556
0.556
0.456
0.516
0.516
0.516
0.516
0.516
0.576
0.576
0.576
0.587
0.708
0.876
0.946
0.946
0.946
0.946
0.966
0.966
0.966
0.966
0.966
0.966
1.016
0.966
0.946
0.886
0.886
0.936
0.936
0.936
0.936
0.768
0.768
0.768
0.768
0.868
0.781
0.681
0.982
1.042
1.225
1.285
0.924
0.924
0.924
0.939
0.939
0.939
0.939
0.939
0.939
0.939
0.974
0.974
0.974
0.941
0.941
0.941
0.906
0.921
1.088
1.088
0.905
0.905
0.786
0.786
0.845
0.845
0.845
0.815
0.815
0.815
0.78
0.78
0.613
0.613
0.613
0.613
0.613
0.613
0.593
0.593
0.582
0.75
0.75
0.75
0.75
0.75
0.69
0.569
0.569
0.569
0.569
0.569
0.509
0.509
0.509
0.509
0.509
0.509
0.509
0.509
0.509
0.361
0.361
0.361
0.361
0.341
0.341
0.341
0.341
0.341
0.341
0.341
0.361
0.341
0.341
0.401
0.522
0.462
0.462
0.622
0.622
