0.053
0.053
0.053
0.053
0.053
0.053
0.053
0.053
0.053
0.053
0.053
0.053
0.053
0.053
0.053
0.053
0.053
0.053
0.053
0.053
0.053
0.053
0.053
0.053
0.053
0.053
0.053
0.053
0.053
0.053
0.053
0.053
0.053
0.053
0.053
0.053
0.053
0.053
0.053
0.053
0.053
0.053
0.053
0.053
0.053
0.053
0.053
0.053
0.053
0.207
0.207
0.207
0.207
0.207
0.207
0.207
0.207
0.207
0.207
0.207
0.207
0.207
0.207
0.207
0.207
0.207
0.207
0.207
0.207
0.053
0.053
0.053
0.053
0.053
0.053
0.053
0.053
0.053
0.053
0.053
0.053
0.053
0.053
0.053
0.053
0.053
0.053
0.053
0.053
0.053
0.053
0.053
0.053
0.053
0.245
0.245
0.245
0.245
0.245
0.245
0.245
0.245
0.245
0.245
0.245
0.245
0.245
0.245
0.053
0.053
0.053
0.053
0.053
0.053
0.053
0.053
0.246
0.246
0.246
0.4
0.4
0.4
0.4
0.4
0.4
0.4
0.4
0.4
0.4
0.4
0.4
0.4
0.4
0.4
0.4
0.4
0.4
0.4
0.207
0.053
0.053
0.053
0.053
0.053
0.053
0.053
0.053
0.053
0.053
0.053
0.053
0.053
0.053
0.053
0.053
0.053
0.053
0.053
0.053
0.053
0.053
0.053
0.053
0.053
0.053
0.053
0.245
0.245
0.245
0.245
0.245
0.245
0.245
0.245
0.245
0.245
0.245
0.245
0.245
0.245
0.053
0.053
0.053
0.053
0.053
0.053
0.053
0.053
0.053
0.053
0.053
0.053
0.053
0.053
0.053
0.053
0.053
0.246
0.246
0.246
0.246
0.246
0.246
0.246
0.246
0.246
0.246
0.246
0.246
0.246
0.246
0.246
0.4
0.4
0.4
0.4
0.4
0.4
0.4
0.207
0.207
0.207
0.207
0.207
0.207
0.207
0.207
0.207
0.207
0.207
0.207
0.207
0.053
0.053
0.053
0.053
0.053
0.053
0.053
0.053
0.053
0.053
0.053
0.053
0.053
0.053
0.053
0.053
0.053
0.053
0.053
0.053
0.053
0.053
0.053
0.053
0.053
0.053
0.053
0.053
0.053
0.053
0.245
0.245
0.245
0.245
0.245
0.245
0.245
0.245
0.245
0.245
0.245
0.245
0.245
0.438
0.246
0.246
0.246
0.4
0.4
0.4
0.4
0.4
0.4
0.4
0.4
0.4
0.4
0.4
0.4
0.4
0.4
0.4
0.4
0.4
0.4
0.207
0.207
0.053
0.053
0.053
0.053
0.053
0.053
0.088
0.088
0.088
0.088
0.127
0.127
0.053
0.053
0.053
0.053
0.053
0.053
0.053
0.153
0.153
0.053
1.149
1.149
1.149
1.149
1.149
1.161
1.161
1.161
1.161
1.161
1.261
1.261
1.261
1.453
1.353
1.353
1.353
1.353
1.353
1.353
1.453
1.453
1.453
1.453
1.607
1.607
1.647
1.648
1.648
1.648
1.648
1.648
1.648
1.648
1.66
1.7
1.66
1.66
1.66
1.66
1.648
1.648
1.608
1.608
1.504
1.504
1.504
1.504
1.504
1.311
1.311
1.311
1.311
1.311
1.311
1.311
1.311
1.311
1.311
1.311
0.215
0.215
0.215
0.215
0.215
0.215
0.215
0.215
0.215
0.165
0.165
0.165
0.165
0.165
0.165
0.165
0.165
0.165
0.165
0.053
0.053
0.053
0.053
0.053
0.245
0.245
0.245
0.245
0.245
0.245
0.245
0.245
0.245
0.245
0.245
0.245
0.245
0.245
0.053
0.053
0.053
0.246
0.246
0.246
0.246
0.246
0.246
0.246
0.246
0.246
0.246
0.246
0.246
0.246
0.246
0.246
0.246
0.246
0.246
0.246
0.246
0.246
0.246
0.207
0.207
0.207
0.207
0.207
0.207
0.207
0.207
0.207
0.207
0.207
0.207
0.207
0.207
0.207
0.207
0.207
0.207
0.207
0.207
0.053
0.053
0.053
0.053
0.053
0.053
0.053
0.053
0.053
0.053
0.053
0.053
0.053
0.053
0.053
0.053
0.053
0.053
0.053
0.053
0.053
0.053
0.053
0.053
0.053
0.053
0.245
0.245
0.245
0.245
0.245
0.245
0.245
0.245
0.245
0.245
0.245
0.245
0.245
0.245
0.053
0.053
0.053
0.053
0.053
0.053
0.053
0.053
0.053
0.053
0.053
0.053
0.053
0.053
0.207
0.207
0.207
0.207
0.207
0.207
0.207
0.207
0.207
0.207
0.207
0.207
0.207
0.207
0.207
0.207
0.207
0.207
0.207
0.207
0.053
0.053
0.053
0.053
0.053
0.053
0.053
0.246
0.246
0.246
0.246
0.246
0.246
0.246
0.246
0.246
0.246
0.246
0.246
0.246
0.246
0.246
0.246
0.246
0.246
0.246
0.246
0.246
0.246
0.053
0.053
0.053
0.053
0.053
0.053
0.053
0.053
0.053
0.053
0.053
0.053
0.053
0.053
0.053
0.053
0.053
0.053
0.053
0.053
0.053
0.053
0.053
0.053
0.053
0.053
0.053
0.053
0.245
0.245
0.399
0.399
0.399
0.399
0.399
0.399
0.399
0.399
0.399
0.399
0.399
0.399
0.207
0.207
0.207
0.207
0.207
0.207
0.207
0.4
0.246
0.246
0.246
0.246
0.246
0.246
0.246
0.246
0.246
0.246
0.246
0.246
0.246
0.246
0.246
0.246
0.246
0.246
0.246
0.246
0.246
0.053
0.053
0.053
0.053
0.053
0.053
0.053
0.053
0.053
0.053
0.053
0.053
0.053
0.053
0.053
0.053
0.053
0.053
0.053
0.053
0.053
0.053
0.053
0.053
0.053
0.053
0.053
0.053
0.053
0.053
0.053
0.053
0.053
0.053
0.053
0.053
0.053
0.053
0.053
0.053
0.207
0.207
0.207
0.207
0.207
0.207
0.207
0.207
0.207
0.207
0.207
0.207
0.207
0.207
0.207
0.207
0.331
0.331
0.331
0.331
0.177
0.177
0.177
0.177
0.177
0.177
0.177
0.177
0.177
0.177
0.177
0.177
0.177
0.177
0.177
0.177
0.177
0.177
0.177
0.177
0.177
0.177
0.177
0.177
0.177
0.177
0.177
0.37
0.37
0.37
0.37
0.37
0.37
0.37
0.37
0.37
0.37
0.37
0.37
0.562
0.562
0.562
0.438
0.438
0.438
0.438
0.438
0.438
0.438
0.245
0.245
0.245
0.245
0.053
0.053
0.053
0.053
0.053
0.053
0.207
0.207
0.207
0.207
0.207
0.207
0.207
0.207
0.207
0.207
0.207
0.207
0.207
0.207
0.207
0.207
0.207
0.207
0.207
0.207
0.053
0.053
0.053
0.053
0.053
0.053
0.053
0.053
0.053
0.053
0.053
0.053
0.053
0.053
0.246
0.246
0.246
0.246
0.246
0.246
0.246
0.246
0.246
0.246
0.246
0.246
0.246
0.246
0.246
0.246
0.246
0.246
0.246
0.246
0.246
0.246
0.053
0.053
0.053
0.053
0.245
0.245
0.245
0.245
0.245
0.245
0.245
0.245
0.245
0.245
0.245
0.245
0.245
0.245
0.053
0.053
0.053
0.053
0.053
0.053
0.053
0.053
0.053
0.053
0.053
0.053
0.053
0.053
0.053
0.053
0.053
0.053
0.053
0.053
0.053
0.053
0.053
0.053
0.053
0.053
0.207
0.207
0.207
0.207
0.207
0.207
0.207
0.207
0.207
0.207
0.207
0.207
0.207
0.207
0.207
0.207
0.207
0.207
0.207
0.207
0.053
0.053
0.053
0.053
0.053
0.053
0.053
0.053
0.053
0.053
0.053
0.246
0.246
0.438
0.438
0.438
0.438
0.438
0.438
0.438
0.438
0.438
0.438
0.438
0.438
0.438
0.438
0.246
0.246
0.246
0.246
0.246
0.246
0.053
0.053
0.053
0.053
0.053
0.053
0.053
0.053
0.053
0.053
0.053
0.053
0.053
0.053
0.053
0.053
0.053
0.053
0.053
0.053
0.053
0.053
0.053
0.053
0.053
0.053
0.053
0.053
0.053
0.053
0.053
0.053
0.053
0.053
0.053
0.053
0.053
0.053
0.053
0.053
0.053
0.053
0.053
0.053
0.053
0.053
0.053
0.053
0.053
0.053
0.177
0.369
0.562
0.562
0.562
0.562
0.562
0.562
0.562
0.562
0.562
0.562
0.562
0.562
0.562
0.37
0.37
0.37
0.37
0.37
0.37
0.37
0.37
0.37
0.177
0.177
0.177
0.177
0.177
0.177
2.262
2.262
2.262
2.262
2.262
2.262
2.262
2.262
2.262
2.262
2.262
2.262
2.262
2.262
2.262
2.262
2.262
2.262
2.262
2.262
2.262
2.138
2.138
2.138
2.292
2.292
2.292
0.207
0.241
0.241
0.241
0.241
0.241
0.241
0.241
0.241
0.241
0.241
0.241
0.241
0.241
0.241
0.434
0.434
0.28
0.288
0.626
0.626
0.626
0.626
0.288
0.288
0.421
0.421
0.421
0.421
0.421
0.421
0.421
0.421
0.421
0.421
0.421
0.421
0.228
0.228
0.228
0.228
0.228
0.228
0.228
0.228
0.228
0.228
0.228
0.42
0.42
0.42
0.42
0.42
0.42
2.505
2.505
2.505
2.633
2.633
2.633
2.633
2.633
2.441
2.441
2.441
2.441
2.441
2.441
2.441
2.441
2.441
2.441
2.441
2.441
2.407
2.407
2.407
2.407
2.441
2.441
2.441
0.356
0.549
0.549
0.549
0.549
0.549
0.549
0.549
0.561
0.561
0.553
0.707
0.707
0.707
0.707
0.707
0.707
0.707
0.707
0.707
0.707
0.707
1.045
0.852
0.852
0.852
0.514
0.514
0.514
0.514
0.514
0.348
0.348
0.348
0.348
0.348
0.356
0.356
0.356
0.356
0.356
0.356
0.356
0.356
0.356
0.356
0.356
0.356
0.356
0.356
0.356
0.356
0.356
0.356
0.356
0.356
0.356
0.356
0.356
0.356
0.356
0.356
0.356
0.356
0.356
0.356
0.356
0.356
0.356
0.48
0.446
0.639
0.639
0.639
0.639
0.639
0.639
0.639
0.639
0.639
0.639
0.639
0.639
0.739
0.739
0.739
0.739
0.739
0.739
0.931
0.931
0.931
0.931
0.738
0.75
0.75
0.75
0.75
0.75
0.904
0.892
0.892
0.932
0.74
0.64
0.64
0.64
0.64
0.64
0.592
0.592
0.464
0.464
0.464
0.464
0.476
0.476
0.476
0.476
0.322
0.462
0.462
0.462
0.462
0.462
0.334
0.334
0.334
0.334
0.334
0.334
0.384
0.384
0.396
0.43
0.418
0.418
0.418
0.418
0.418
0.418
0.418
0.418
0.685
0.685
0.697
0.697
0.697
0.705
0.705
0.705
0.743
0.843
0.843
0.743
0.743
0.743
0.743
0.731
0.731
0.885
0.885
0.985
0.985
0.985
0.984
1.044
1.044
1.044
1.044
1.044
1.044
0.994
0.994
0.954
1.082
1.142
1.242
1.242
1.05
0.896
0.908
0.908
0.78
0.77
0.77
0.77
0.87
0.986
0.886
0.886
0.886
0.874
0.898
0.898
0.898
0.886
0.886
0.886
0.874
0.814
0.814
0.814
0.814
0.814
0.814
0.814
0.78
0.78
0.78
0.78
0.78
0.053
0.053
0.053
0.053
0.053
0.053
0.053
0.053
0.053
0.053
0.053
0.053
0.053
0.053
0.207
0.207
0.207
0.207
0.207
0.207
0.207
0.207
0.207
0.207
0.207
0.207
0.399
0.399
0.399
0.399
0.399
0.399
0.399
0.399
0.245
0.245
0.245
0.245
0.245
0.245
0.053
0.053
0.053
0.053
0.053
0.053
0.053
0.053
0.053
0.053
0.053
0.246
0.246
0.246
0.246
0.246
0.246
0.246
0.246
0.246
0.246
0.246
0.246
0.246
0.246
0.246
0.246
0.246
0.246
0.246
0.246
0.246
0.246
0.053
0.053
0.053
0.053
0.053
0.053
0.053
0.053
0.053
0.053
0.207
0.207
0.207
0.207
0.207
0.207
0.207
0.207
0.207
0.207
0.207
0.207
0.207
0.207
0.207
0.207
0.207
0.207
0.399
0.399
0.245
0.245
0.245
0.245
0.245
0.245
0.245
0.245
0.245
0.245
0.245
0.245
0.053
0.053
0.053
0.053
0.246
0.246
0.246
0.246
0.246
0.246
0.246
0.246
0.246
0.246
0.246
