0.053
0.053
0.053
0.053
0.053
0.053
0.227
0.227
0.227
0.227
0.227
0.227
0.227
0.227
0.227
0.227
0.227
0.227
0.227
0.227
0.053
0.053
0.053
0.053
0.053
0.053
0.053
0.053
0.053
0.222
0.222
0.222
0.222
0.222
0.222
0.222
0.222
0.222
0.222
0.222
0.222
0.222
0.222
0.222
0.222
0.222
0.222
0.222
0.222
0.053
0.053
0.053
0.053
0.236
0.236
0.236
0.236
0.236
0.236
0.236
0.236
0.236
0.236
0.236
0.236
0.236
0.236
0.236
0.236
0.236
0.236
0.236
0.236
0.236
0.236
0.053
0.053
0.053
0.053
0.053
0.053
0.053
0.053
0.053
0.053
0.053
0.053
0.227
0.227
0.227
0.227
0.227
0.227
0.227
0.227
0.227
0.227
0.227
0.227
0.227
0.227
0.053
0.053
0.053
0.053
0.053
0.053
0.053
0.053
0.053
0.053
0.053
0.053
0.053
0.053
0.053
0.053
0.053
0.053
0.053
0.053
0.053
0.053
0.053
0.053
0.053
0.053
0.053
0.053
0.053
0.236
0.236
0.405
0.405
0.405
0.405
0.405
0.405
0.405
0.405
0.405
0.405
0.405
0.405
0.405
0.405
0.405
0.405
0.405
0.405
0.405
0.405
0.053
0.053
0.053
0.053
0.053
0.053
0.053
0.053
0.053
0.053
0.053
0.053
0.053
0.053
0.053
0.053
0.053
0.053
0.053
0.053
0.053
0.053
0.053
0.053
0.053
0.227
0.227
0.227
0.227
0.227
0.227
0.227
0.227
0.227
0.227
0.227
0.227
0.227
0.227
0.053
0.053
0.053
0.053
0.053
0.053
0.053
0.053
0.053
0.053
0.053
0.053
0.053
0.053
0.053
0.053
0.053
0.053
0.053
0.053
0.236
0.236
0.236
0.236
0.236
0.236
0.236
0.236
0.236
0.236
0.236
0.236
0.236
0.236
0.236
0.236
0.236
0.236
0.236
0.236
0.236
0.236
0.053
0.053
0.053
0.053
0.053
0.222
0.222
0.222
0.222
0.222
0.222
0.222
0.222
0.222
0.222
0.222
0.222
0.222
0.222
0.222
0.222
0.222
0.396
0.396
0.396
0.227
0.227
0.227
0.227
0.227
0.227
0.227
0.227
0.227
0.227
0.227
0.053
0.053
0.053
0.053
0.053
0.053
0.053
0.053
0.053
0.053
0.053
0.053
0.236
0.236
0.236
0.236
0.236
0.236
0.236
0.236
0.236
0.236
0.236
0.236
0.236
0.236
0.236
0.236
0.236
0.236
0.236
0.236
0.236
0.236
0.053
0.053
0.053
0.053
0.053
0.053
0.053
0.053
0.053
0.053
0.053
0.053
0.053
0.053
0.053
0.053
0.053
0.053
0.053
0.053
0.053
0.222
0.222
0.222
0.222
0.222
0.396
0.396
0.396
0.396
0.396
0.396
0.396
0.396
0.396
0.396
0.396
0.396
0.396
0.396
0.222
0.053
0.053
0.053
0.053
0.053
0.053
0.053
0.053
0.053
0.053
0.053
0.236
0.236
0.236
0.236
0.236
0.236
0.236
0.236
0.236
0.236
0.236
0.236
0.236
0.236
0.236
0.236
0.236
0.296
0.296
0.296
0.296
0.296
0.113
0.113
0.113
0.133
0.133
0.133
0.133
0.133
0.133
0.113
0.133
0.133
0.282
0.282
0.282
0.282
0.282
0.282
0.282
0.282
0.282
0.282
0.282
0.342
0.282
0.282
0.282
0.282
0.342
0.342
0.362
0.362
0.193
0.193
0.193
0.367
0.367
0.367
0.367
0.367
0.367
0.427
0.527
0.527
0.427
0.427
0.427
0.427
0.427
0.313
0.253
0.233
0.233
0.409
0.409
0.409
0.449
0.449
0.389
0.389
0.389
0.389
0.389
0.389
0.389
0.572
0.572
0.572
0.672
0.672
0.672
0.672
0.672
0.672
0.672
0.672
0.672
0.672
0.672
0.841
0.841
0.841
0.841
0.861
0.861
0.861
0.861
0.678
0.678
0.738
0.738
0.738
0.758
0.758
0.758
0.758
0.758
0.758
0.818
0.689
0.649
0.649
0.589
0.589
0.589
0.589
0.589
0.589
0.549
0.549
0.549
0.549
0.489
0.489
0.489
0.489
0.663
0.663
0.663
0.663
0.663
0.663
0.663
0.663
0.763
0.663
0.663
0.663
0.663
0.663
0.389
0.389
0.495
0.495
0.495
0.495
0.495
0.495
0.495
0.495
0.495
0.678
0.678
0.678
0.678
0.678
0.678
0.678
0.678
0.678
0.678
0.678
0.678
0.738
0.678
0.678
0.658
0.658
0.658
0.658
0.638
0.638
0.638
0.624
0.624
0.674
0.694
0.588
0.588
0.588
0.588
0.588
0.588
0.588
0.588
0.588
0.588
0.588
0.588
0.528
0.528
0.528
0.528
0.429
0.429
0.429
0.429
0.429
0.379
0.379
0.439
0.439
0.582
0.756
0.756
0.756
0.756
0.756
0.756
0.756
0.756
0.756
0.756
0.756
0.756
0.856
0.756
0.622
0.622
0.622
0.622
0.622
0.622
0.622
0.622
0.622
0.622
0.562
0.562
0.562
0.562
0.612
0.612
0.612
0.612
0.436
0.436
0.436
0.436
0.436
0.436
0.436
0.436
0.436
0.496
0.436
0.436
0.436
0.416
0.416
0.416
0.416
0.416
0.356
0.356
0.306
0.306
0.306
2.297
2.397
2.397
0.589
0.589
0.589
0.758
0.758
0.758
0.758
0.758
0.918
0.918
0.918
0.918
0.918
0.918
0.901
0.881
0.881
0.881
0.953
0.893
0.893
0.893
0.71
0.441
0.441
0.441
2.424
2.484
2.484
2.484
2.59
2.59
2.59
2.59
2.59
2.59
2.64
2.59
2.59
2.59
2.53
2.53
2.565
2.565
2.625
2.625
2.565
0.582
0.622
0.622
1.807
1.807
1.807
1.772
1.772
1.772
1.772
1.772
1.772
1.772
1.772
1.772
1.772
1.772
1.772
1.772
1.772
1.772
1.772
1.832
1.832
1.832
1.892
1.832
1.892
1.892
1.892
1.832
1.892
1.872
1.872
1.872
1.872
1.885
2.108
2.108
2.068
2.068
2.068
2.068
2.237
2.237
2.237
2.237
2.237
2.237
2.237
2.237
2.237
2.237
2.411
2.411
2.295
2.295
2.295
2.235
2.052
1.992
3.983
3.983
2.746
0.755
0.578
0.578
0.404
0.404
0.404
0.424
0.424
0.424
0.424
0.424
0.424
0.601
0.638
0.461
0.461
0.461
0.461
0.461
0.461
0.461
0.825
0.825
0.825
0.825
0.658
0.658
0.481
0.481
0.461
0.481
0.481
0.481
0.481
0.481
0.481
0.481
0.481
0.718
0.718
1.036
1.036
1.036
1.016
1.016
2.935
3.118
3.118
3.118
3.118
3.118
3.118
3.118
3.118
3.158
3.158
3.118
3.118
3.118
3.118
3.098
3.098
3.098
3.098
3.158
3.158
3.158
3.158
2.975
2.975
2.975
2.975
2.935
2.975
2.975
2.975
2.975
2.975
3.035
3.035
2.975
2.975
2.975
2.975
2.975
2.975
2.938
2.938
2.938
2.951
3.12
3.12
3.12
3.08
3.1
3.1
3.1
3.1
3.1
3.1
3.274
3.274
3.214
3.214
3.214
0.775
0.775
0.775
0.775
0.775
0.606
0.227
0.227
0.227
0.053
0.053
0.053
0.053
0.053
0.053
0.053
0.053
0.053
0.053
0.053
0.053
0.236
0.236
0.236
0.236
0.236
0.236
0.236
0.236
0.236
0.236
0.236
0.236
0.236
0.236
0.236
0.236
0.236
0.236
0.236
0.236
0.236
0.236
0.053
0.053
0.053
0.053
0.053
0.053
0.053
0.053
0.053
0.053
0.053
0.053
0.053
0.053
0.053
0.053
0.053
0.053
0.053
0.053
0.053
0.053
0.053
0.053
0.053
0.227
0.227
0.227
0.227
0.227
0.227
0.227
0.227
0.227
0.227
0.227
0.227
0.227
0.227
0.053
0.053
0.053
0.053
0.053
0.053
0.053
0.053
0.053
0.053
0.053
0.053
0.053
0.053
0.053
0.053
0.053
0.053
0.053
0.053
0.053
0.053
0.053
0.053
0.053
0.053
0.053
0.053
0.236
0.236
0.236
0.236
0.236
0.236
0.236
0.405
0.405
0.405
0.405
0.405
0.405
0.405
0.405
0.405
0.405
0.405
0.405
0.405
0.405
0.405
0.222
0.222
0.222
0.222
0.222
0.053
0.053
0.053
0.053
0.053
0.053
0.053
0.053
0.053
0.053
0.053
0.053
0.053
0.053
0.053
0.053
0.053
0.053
0.053
0.053
0.053
0.227
0.227
0.227
0.227
0.227
0.227
0.227
0.227
0.227
0.227
0.227
0.227
0.227
0.227
0.053
0.053
0.053
0.053
0.053
0.053
0.053
0.053
0.053
0.053
0.053
0.053
0.053
0.053
0.053
0.053
0.053
0.053
0.053
0.053
0.053
0.053
0.053
0.053
0.053
0.053
0.053
0.053
0.053
0.053
0.053
0.053
0.053
0.053
0.053
0.053
0.053
0.053
0.236
0.236
0.236
0.236
0.236
0.236
0.236
0.236
0.236
0.236
0.236
0.236
0.236
0.236
0.236
0.236
0.236
0.236
0.236
0.41
0.41
0.41
0.227
0.227
0.227
0.227
0.227
0.227
0.227
0.227
0.227
0.227
0.227
0.053
0.053
0.053
0.053
0.053
0.053
0.053
0.053
0.053
0.053
0.053
0.053
0.053
0.053
0.053
0.053
0.053
0.053
0.053
0.053
0.053
0.053
0.053
0.053
0.053
0.053
0.053
0.053
0.053
0.053
0.053
0.053
0.053
0.053
0.053
0.053
0.053
0.053
0.053
0.053
0.053
0.053
0.053
0.053
0.053
0.053
0.053
0.053
0.053
0.053
0.053
0.053
0.053
0.053
0.053
0.053
0.41
0.41
0.41
0.41
0.41
0.41
0.41
0.41
0.41
0.41
0.41
0.41
0.41
0.41
0.236
0.236
0.236
0.236
0.236
0.236
0.236
0.236
0.053
0.053
0.053
0.053
0.053
0.053
0.053
0.053
0.053
0.053
0.053
0.222
0.222
0.222
0.222
0.222
0.222
0.222
0.222
0.222
0.222
0.222
0.222
0.222
0.222
0.222
0.222
0.222
0.222
0.222
0.222
0.053
0.053
0.053
0.053
0.053
0.053
0.053
0.053
0.053
0.053
0.053
0.053
0.053
0.053
0.053
0.053
0.053
0.053
0.053
0.053
0.236
0.236
0.236
0.236
0.236
0.236
0.236
0.236
0.236
0.236
0.236
0.236
0.236
0.236
0.236
0.236
0.236
0.236
0.236
0.41
0.41
0.41
0.227
0.227
0.227
0.227
0.227
0.227
0.396
0.396
0.396
0.396
0.396
0.222
0.222
0.222
0.222
0.222
0.222
0.222
0.222
0.222
0.222
0.222
0.222
0.222
0.222
0.222
0.053
0.053
0.053
0.053
0.053
0.053
0.053
0.053
0.053
0.053
0.053
0.053
0.053
0.053
0.053
0.053
0.053
0.053
0.053
0.053
0.053
0.053
0.053
0.053
0.053
0.053
0.053
0.053
0.053
0.053
0.053
0.053
0.053
0.053
0.236
0.236
0.236
0.236
0.236
0.236
0.236
0.236
0.405
0.405
0.405
0.405
0.405
0.405
0.579
0.579
0.579
0.579
0.579
0.579
0.579
0.579
0.396
0.396
0.396
0.396
0.396
0.396
0.053
0.053
0.053
0.053
0.053
0.053
0.053
0.053
0.053
0.053
0.053
0.053
0.053
0.053
0.053
0.053
0.053
0.053
0.053
0.053
0.053
0.053
0.053
0.053
0.053
0.053
0.053
0.053
0.053
0.053
0.053
0.053
0.053
0.053
0.053
0.053
0.053
0.053
0.053
0.053
0.053
0.053
0.236
0.236
0.236
0.236
0.236
0.236
0.236
0.236
0.236
0.236
0.236
0.236
0.236
0.236
0.236
0.236
0.236
0.236
0.236
0.236
0.236
0.236
0.227
0.227
0.227
0.227
0.396
0.396
0.396
0.396
0.396
0.396
0.396
0.396
0.396
0.396
0.222
0.222
0.222
0.222
0.222
0.222
0.222
0.222
0.222
0.222
0.053
0.053
0.053
0.053
0.053
0.053
0.053
0.053
0.053
0.053
0.053
0.053
0.053
0.053
0.053
0.053
0.053
0.053
0.053
0.053
0.053
0.053
0.053
0.053
0.053
0.236
