0.052
0.052
0.052
0.052
0.052
0.052
0.052
0.052
0.052
0.052
0.052
0.052
0.052
0.052
0.052
0.052
0.052
0.052
0.052
0.052
0.052
0.052
0.052
0.052
0.052
0.052
0.052
0.052
0.052
0.052
0.052
0.052
0.052
0.052
0.052
0.052
0.052
0.052
0.052
0.052
0.052
0.052
0.052
0.052
0.052
0.052
0.052
0.052
0.052
0.052
0.052
0.052
0.052
0.052
0.052
0.052
0.052
0.052
0.052
0.052
0.052
0.052
0.052
0.052
0.052
0.052
0.052
0.052
0.052
0.052
0.052
0.052
0.052
0.052
0.052
0.052
0.052
0.052
0.052
0.052
0.052
0.052
0.052
0.157
0.157
0.157
0.157
0.157
0.157
0.157
0.157
0.157
0.157
0.157
0.157
0.157
0.157
0.157
0.325
0.325
0.325
0.22
0.22
0.22
0.22
0.22
0.22
0.22
0.22
0.22
0.22
0.22
0.052
0.052
0.052
0.052
0.052
0.052
0.052
0.052
0.052
0.052
0.052
0.052
0.052
0.052
0.052
0.052
0.052
0.052
0.222
0.222
0.222
0.222
0.222
0.222
0.222
0.222
0.222
0.222
0.222
0.222
0.222
0.222
0.222
0.222
0.222
0.222
0.222
0.222
0.052
0.052
0.052
0.052
0.052
0.157
0.157
0.157
0.157
0.157
0.157
0.157
0.157
0.157
0.157
0.157
0.157
0.157
0.157
0.157
0.157
0.325
0.325
0.22
0.22
0.22
0.22
0.22
0.22
0.22
0.22
0.22
0.22
0.22
0.22
0.052
0.052
0.052
0.052
0.052
0.052
0.052
0.052
0.052
0.052
0.052
0.052
0.052
0.052
0.052
0.052
0.052
0.052
0.052
0.052
0.052
0.052
0.052
0.052
0.052
0.052
0.052
0.052
0.157
0.157
0.157
0.157
0.157
0.157
0.157
0.157
0.157
0.157
0.157
0.157
0.157
0.157
0.327
0.327
0.327
0.327
0.222
0.222
0.222
0.222
0.222
0.222
0.222
0.222
0.222
0.222
0.222
0.222
0.222
0.222
0.222
0.222
0.052
0.052
0.052
0.052
0.052
0.052
0.052
0.052
0.052
0.052
0.052
0.22
0.22
0.22
0.22
0.22
0.22
0.22
0.22
0.22
0.22
0.22
0.22
0.22
0.22
0.052
0.052
0.052
0.052
0.052
0.052
0.052
0.052
0.052
0.157
0.157
0.157
0.157
0.157
0.157
0.157
0.157
0.157
0.157
0.327
0.327
0.327
0.327
0.327
0.327
0.327
0.327
0.222
0.222
0.222
0.222
0.222
0.222
0.222
0.222
0.222
0.222
0.222
0.222
0.052
0.052
0.052
0.052
0.052
0.052
0.052
0.052
0.052
0.052
0.052
0.052
0.052
0.052
0.052
0.052
0.052
0.052
0.052
0.052
0.052
0.052
0.052
0.052
0.22
0.22
0.22
0.22
0.22
0.22
0.22
0.22
0.22
0.22
0.22
0.22
0.22
0.22
0.052
0.052
0.052
0.052
0.222
0.222
0.222
0.222
0.222
0.222
0.222
0.222
0.222
0.222
0.222
0.222
0.222
0.222
0.222
0.222
0.222
0.222
0.222
0.327
0.157
0.157
0.157
0.157
0.157
0.157
0.157
0.171
0.171
0.171
0.171
0.171
0.171
0.171
0.171
0.171
0.191
0.086
0.086
0.086
0.086
0.086
0.086
0.086
0.086
1.063
1.063
1.063
0.066
0.066
0.066
0.066
0.066
0.066
0.066
0.178
0.178
0.178
0.178
0.178
0.178
0.178
0.178
0.178
0.178
0.348
0.348
0.348
0.348
0.348
0.348
0.348
0.348
0.348
0.348
0.348
0.348
0.516
0.516
0.516
0.516
0.516
0.656
0.656
0.761
0.591
0.591
0.577
0.577
0.577
0.577
0.409
0.409
0.409
0.409
0.409
0.409
0.409
0.409
0.409
0.409
0.409
0.304
0.304
0.304
0.304
0.304
0.304
0.304
0.304
0.304
0.304
0.304
0.304
0.304
0.304
0.304
0.304
0.304
0.304
0.304
0.304
0.304
0.304
0.304
0.304
0.304
0.304
0.304
0.304
0.304
0.404
0.404
0.404
0.509
0.509
0.509
0.509
0.583
0.583
0.583
0.583
0.583
0.583
0.583
0.583
0.523
0.523
0.523
0.523
0.523
0.693
0.593
0.593
0.593
0.593
0.761
0.761
0.866
0.866
0.866
0.761
0.761
0.761
0.761
0.761
0.889
0.889
0.889
0.889
0.721
0.551
0.551
0.551
0.551
0.551
0.446
0.446
0.446
0.446
0.446
0.446
0.446
0.446
0.446
0.446
0.446
0.446
0.506
0.506
0.506
0.506
0.506
0.506
0.506
0.506
0.506
0.506
0.492
0.492
0.492
0.492
0.492
0.492
0.492
0.492
0.492
0.492
0.492
0.492
0.592
0.592
0.492
0.492
0.492
0.492
0.492
0.492
0.492
0.492
0.492
0.492
0.492
0.662
0.662
0.662
0.662
0.662
0.662
0.83
0.83
0.83
0.83
0.83
0.83
0.83
0.83
0.865
0.865
0.865
0.865
0.83
0.83
0.492
0.492
0.492
0.492
0.492
0.506
0.506
0.611
0.611
0.611
0.611
0.611
0.611
0.611
0.618
0.618
0.618
0.618
0.618
0.618
0.618
0.618
0.618
0.618
0.618
0.513
0.513
0.513
0.573
0.573
0.573
0.513
0.453
0.453
0.453
0.453
0.453
0.453
0.453
0.453
0.453
0.341
0.453
0.453
0.453
0.453
0.453
0.453
0.453
0.453
0.453
0.453
0.453
0.453
0.453
0.453
0.453
0.341
0.341
0.341
0.341
0.341
0.341
0.341
0.341
0.327
0.327
0.327
0.327
0.327
0.327
0.327
2.536
2.536
2.536
2.704
2.704
2.704
2.704
2.764
2.824
2.764
2.704
2.874
2.874
2.874
2.874
2.867
2.867
2.699
2.699
2.699
0.49
0.49
0.49
0.49
0.49
0.49
0.362
0.395
0.395
0.395
0.395
0.225
0.052
0.052
0.052
0.052
0.052
0.052
0.052
0.052
0.052
0.052
0.052
0.052
0.052
0.157
0.157
0.157
0.157
0.157
0.157
0.157
0.157
0.157
0.157
0.157
0.157
0.157
0.157
0.157
0.157
0.157
0.157
0.052
0.052
0.052
0.052
0.052
0.052
0.052
0.052
0.052
0.052
0.052
0.052
0.052
0.052
0.052
0.052
0.052
0.052
0.052
0.052
0.052
0.052
0.052
0.052
0.052
0.052
0.052
0.052
0.052
0.052
0.052
0.052
0.052
0.052
0.052
0.052
0.052
0.052
0.052
0.225
0.668
0.668
0.668
0.668
0.668
0.668
0.668
0.668
0.668
0.668
0.668
0.668
0.668
0.668
0.5
0.5
0.5
0.5
0.395
0.395
0.225
0.225
0.265
0.265
0.265
0.265
0.265
0.265
0.265
0.265
0.265
0.265
0.265
0.265
0.125
0.125
0.085
0.085
0.085
0.085
0.085
0.085
0.085
0.085
0.085
0.085
0.085
0.085
0.085
0.085
0.085
0.085
0.085
0.085
0.085
0.085
0.092
0.092
0.092
0.092
0.092
0.092
0.092
0.092
0.092
0.092
0.092
0.059
0.059
0.059
0.059
0.159
0.159
0.059
0.059
0.059
0.059
0.059
0.199
0.199
0.199
0.199
0.199
0.199
0.199
0.199
0.213
0.213
0.213
0.213
0.213
0.213
0.213
0.213
0.213
0.383
0.383
0.383
0.383
0.383
0.551
0.551
0.551
0.551
0.551
0.551
0.551
0.611
0.611
0.611
0.611
0.611
0.611
0.611
0.443
0.273
0.273
0.273
0.273
0.273
0.273
0.273
0.273
0.273
0.273
0.273
0.273
0.273
0.358
0.358
0.358
0.358
0.358
0.358
0.358
0.463
0.463
0.463
0.403
0.403
0.403
0.403
0.403
0.403
0.403
0.403
0.389
0.389
0.389
0.389
0.389
0.389
0.389
0.284
0.284
0.284
0.284
0.284
0.284
0.284
0.284
0.284
0.284
0.284
0.284
0.284
0.284
0.284
0.396
0.396
0.396
0.396
0.396
0.396
0.566
0.566
0.566
0.566
0.566
0.566
0.566
0.566
0.566
0.566
0.566
0.566
0.566
0.734
0.649
0.649
0.649
0.649
0.649
0.649
0.479
0.479
0.479
0.479
0.479
0.479
0.479
0.311
0.311
0.311
0.311
0.311
0.311
0.311
0.311
0.311
0.416
0.416
0.449
0.449
0.449
0.449
0.449
0.449
0.449
0.449
0.449
0.449
0.463
0.463
0.463
0.463
0.591
0.591
0.486
0.486
0.486
0.486
0.486
0.486
0.486
0.486
0.486
0.486
0.486
0.486
0.486
0.486
0.486
0.486
0.486
0.486
0.486
0.486
0.486
0.486
0.486
0.486
0.486
0.486
0.486
0.486
0.486
0.486
0.486
0.654
0.654
0.654
0.526
0.526
0.526
0.526
0.696
0.696
0.696
0.696
0.696
0.696
0.696
0.528
0.528
0.521
0.521
0.521
0.521
0.521
0.521
0.521
0.507
0.507
0.612
0.579
0.409
0.409
0.409
0.409
0.409
0.416
0.416
0.416
0.416
0.416
0.416
0.416
0.416
0.416
0.416
0.544
0.439
0.439
0.439
0.439
0.439
0.439
0.472
0.472
0.472
0.472
0.472
0.472
0.472
0.472
0.472
0.472
0.486
0.486
0.486
0.486
0.486
0.486
0.486
0.486
0.486
0.486
0.486
0.486
0.486
0.486
0.486
0.486
0.486
0.486
0.486
0.486
0.486
0.486
0.486
0.486
0.486
0.486
0.486
0.486
0.486
0.656
0.656
0.656
0.821
0.821
0.821
0.821
0.761
0.761
0.761
0.929
0.929
0.929
0.929
0.929
0.929
0.929
0.922
0.922
0.922
0.752
0.647
0.647
0.647
0.479
0.411
0.411
0.411
0.411
0.411
0.411
0.257
0.257
0.257
0.224
0.352
0.352
0.352
0.352
0.352
0.352
0.352
0.352
0.352
0.352
0.352
0.366
0.366
0.366
0.366
0.366
0.366
0.366
0.366
0.366
0.366
0.366
0.366
0.366
0.366
0.366
0.366
0.373
0.406
0.406
0.406
0.406
0.406
0.406
0.406
0.511
0.511
0.511
0.511
0.611
0.611
0.611
0.611
0.611
0.611
0.611
0.611
0.559
0.559
0.559
0.619
0.799
1.029
0.884
0.984
1.024
1.024
1.024
0.964
1.024
0.964
0.964
0.904
0.944
0.944
0.736
0.736
0.736
0.736
0.836
0.736
0.722
0.592
0.592
0.652
0.732
0.792
0.792
2.255
2.255
2.143
2.143
2.143
2.143
2.108
2.108
2.108
2.108
2.148
2.208
2.168
2.168
2.168
2.333
2.373
2.373
2.373
2.373
2.373
2.373
2.366
2.333
2.393
2.393
2.333
2.333
2.498
2.498
1.07
0.91
1.117
1.012
0.912
0.912
0.912
0.972
0.972
1.072
1.184
1.084
1.144
1.314
1.354
1.414
1.447
1.482
1.71
1.73
1.71
1.675
1.735
1.675
1.815
1.715
1.775
1.775
1.775
1.775
1.735
1.735
1.362
1.072
1.072
1.072
0.995
0.995
1.135
1.2
1.365
1.305
1.205
1.145
1.145
1.205
1.305
1.305
1.305
1.225
1.125
1.165
1.085
1.185
1.185
1.125
1.125
1.125
1.02
1.08
1.08
1.08
1.08
1.08
1.185
1.32
1.22
1.22
1.22
1.22
1.22
1.22
1.28
1.44
1.44
1.433
1.543
1.508
1.508
1.448
1.448
1.656
1.676
1.631
1.511
1.243
1.135
1.075
1.075
1.042
1.102
1.102
1.214
1.214
1.154
1.154
0.924
0.964
0.964
0.964
1.069
1.069
0.969
0.969
1.069
1.069
1.069
1.069
1.064
1.154
1.004
1.029
1.029
1.029
1.157
1.157
1.157
1.157
1.157
1.157
1.157
1.045
1.025
0.925
0.925
0.925
0.985
0.985
0.985
1.09
1.09
1.09
1.19
1.418
1.265
1.325
1.325
1.265
1.325
1.325
1.325
1.325
1.365
1.365
1.365
1.365
1.365
1.092
1.092
1.052
1.085
1.105
1.105
1.105
1.105
1.065
1.237
1.257
1.217
1.217
1.217
1.177
1.177
1.217
1.277
1.277
1.277
1.277
1.337
1.297
1.297
1.297
1.197
1.197
1.197
1.367
1.427
1.427
1.427
