0.053
0.053
0.053
0.053
0.053
0.053
0.053
0.053
0.053
0.053
0.053
0.053
0.053
0.053
0.053
0.053
0.053
0.233
0.233
0.233
0.233
0.233
0.233
0.233
0.233
0.233
0.233
0.233
0.233
0.233
0.233
0.053
0.053
0.053
0.053
0.053
0.053
0.053
0.053
0.053
0.053
0.053
0.053
0.053
0.053
0.053
0.053
0.053
0.053
0.053
0.053
0.053
0.053
0.053
0.053
0.053
0.053
0.226
0.226
0.226
0.226
0.226
0.226
0.226
0.226
0.226
0.226
0.226
0.226
0.226
0.226
0.226
0.226
0.226
0.226
0.226
0.226
0.053
0.053
0.053
0.053
0.053
0.053
0.053
0.053
0.053
0.053
0.053
0.248
0.248
0.248
0.428
0.428
0.428
0.428
0.428
0.428
0.428
0.428
0.428
0.428
0.428
0.428
0.428
0.428
0.248
0.248
0.248
0.248
0.248
0.053
0.053
0.053
0.053
0.053
0.053
0.053
0.053
0.053
0.053
0.053
0.053
0.053
0.053
0.053
0.053
0.053
0.053
0.053
0.053
0.053
0.053
0.053
0.053
0.053
0.053
0.053
0.053
0.053
0.053
0.053
0.053
0.053
0.053
0.053
0.053
0.053
0.053
0.053
0.053
0.053
0.053
0.053
0.053
0.053
0.053
0.053
0.248
0.248
0.248
0.248
0.248
0.248
0.248
0.248
0.248
0.248
0.248
0.248
0.248
0.248
0.248
0.248
0.428
0.428
0.428
0.428
0.428
0.428
0.233
0.233
0.406
0.406
0.406
0.406
0.406
0.406
0.226
0.226
0.226
0.226
0.226
0.226
0.226
0.226
0.226
0.226
0.226
0.226
0.226
0.226
0.053
0.053
0.053
0.053
0.053
0.053
0.053
0.053
0.053
0.053
0.053
0.053
0.053
0.053
0.053
0.053
0.053
0.053
0.053
0.053
0.053
0.053
0.053
0.053
0.248
0.248
0.248
0.248
0.248
0.248
0.248
0.248
0.248
0.248
0.248
0.248
0.248
0.248
0.248
0.248
0.421
0.421
0.421
0.421
0.421
0.421
0.226
0.226
0.226
0.226
0.226
0.226
0.226
0.226
0.226
0.226
0.226
0.226
0.226
0.226
0.053
0.053
0.053
0.053
0.053
0.233
0.233
0.233
0.233
0.233
0.233
0.233
0.233
0.233
0.233
0.233
0.233
0.233
0.233
0.053
0.053
0.053
0.053
0.053
0.053
0.053
0.053
0.053
0.053
0.053
0.053
0.053
0.053
0.053
0.053
0.053
0.053
0.053
0.053
0.053
0.053
0.053
0.053
0.053
0.053
0.053
0.053
0.053
0.053
0.053
0.053
0.053
0.053
0.053
0.053
0.248
0.248
0.248
0.248
0.248
0.248
0.248
0.248
0.248
0.248
0.248
0.248
0.248
0.248
0.421
0.421
0.421
0.421
0.421
0.421
0.421
0.421
0.226
0.226
0.226
0.226
0.226
0.226
0.226
0.226
0.226
0.226
0.226
0.226
0.053
0.053
0.053
0.053
0.053
0.053
0.053
0.053
0.053
0.053
0.053
0.233
0.233
0.233
0.233
0.233
0.233
0.233
0.233
0.233
0.233
0.233
0.233
0.233
0.233
0.053
0.053
0.053
0.053
0.053
0.053
0.053
0.053
0.053
0.053
0.053
0.053
0.053
0.053
0.053
0.053
0.053
0.053
0.053
0.053
0.053
0.053
0.053
0.053
0.053
0.248
0.248
0.248
0.421
0.421
0.421
0.421
0.421
0.421
0.521
0.521
0.521
0.521
0.521
0.521
0.521
0.521
0.521
0.521
0.521
0.421
0.421
0.226
0.053
0.053
0.053
0.053
0.053
0.053
0.053
0.053
0.053
0.053
0.053
0.053
0.233
0.233
0.233
0.233
0.233
0.233
0.233
0.233
0.233
0.233
0.233
0.233
0.233
0.233
0.053
0.053
0.053
0.053
0.053
0.053
0.053
0.053
0.053
0.053
0.053
0.053
0.053
0.053
0.053
0.053
0.053
0.053
0.248
0.248
0.248
0.248
0.248
0.248
0.248
0.248
0.248
0.248
0.248
0.248
0.248
2.541
2.541
2.541
0.248
0.248
0.248
0.248
0.248
0.248
0.053
0.226
0.226
0.226
0.226
0.226
0.226
0.226
0.226
0.226
0.226
0.226
0.226
0.226
0.226
0.226
0.226
0.226
0.226
0.226
0.226
0.053
0.053
0.164
0.164
0.164
0.164
0.164
0.164
0.164
0.164
0.164
0.164
0.164
0.164
0.344
0.344
0.344
0.344
0.344
0.344
0.344
0.344
0.344
0.344
0.344
0.344
0.344
0.344
0.164
0.164
0.164
0.164
0.164
0.164
0.164
0.164
0.164
0.164
0.164
0.164
0.337
0.532
0.532
0.532
0.532
0.532
0.532
0.532
0.532
0.532
0.421
0.421
0.421
0.421
0.421
0.421
0.421
0.421
0.421
0.421
0.248
0.248
0.248
0.053
0.053
0.053
0.053
0.053
0.053
0.053
0.053
0.053
0.053
0.053
0.053
0.053
0.053
0.053
0.053
0.053
0.053
0.053
0.053
0.053
0.053
0.053
0.053
0.053
0.053
0.053
0.053
0.053
0.053
0.053
0.233
0.233
0.233
0.233
0.233
0.233
0.233
0.233
0.233
0.233
0.233
0.233
0.233
0.233
0.053
0.053
0.053
0.053
0.053
0.053
0.053
0.226
0.226
0.226
0.226
0.226
0.226
0.226
0.226
0.226
0.226
0.226
0.226
0.226
0.226
0.421
0.421
0.421
0.421
0.421
0.421
0.248
0.248
0.248
0.248
0.248
0.248
0.248
0.248
0.248
0.248
0.248
0.248
0.248
0.248
0.248
0.248
0.053
0.053
0.053
0.053
0.053
0.053
0.053
0.053
0.053
0.053
0.053
0.053
0.053
0.053
0.053
0.053
0.053
0.053
0.053
0.053
0.053
0.053
0.233
0.233
0.233
0.233
0.233
0.233
0.233
0.233
0.233
0.233
0.233
0.233
0.233
0.233
0.053
0.053
0.053
0.053
0.053
0.053
0.053
0.053
0.053
0.053
0.053
0.053
0.226
0.226
0.226
0.226
0.226
0.226
0.226
0.226
0.226
0.226
0.226
0.226
0.226
0.226
0.226
0.226
0.226
0.226
0.226
0.226
0.053
0.053
0.053
0.053
0.053
0.053
0.053
0.053
0.053
0.053
0.053
0.053
0.053
0.053
0.053
0.053
0.053
0.248
0.248
0.248
0.248
0.359
0.359
0.359
0.359
0.359
0.539
0.539
0.539
0.539
0.539
0.539
0.636
5.288
5.288
5.288
2.995
3.004
3.004
2.809
2.629
2.629
2.629
2.629
2.629
2.629
2.629
2.629
2.629
2.629
2.629
2.629
2.629
2.836
2.836
2.836
2.836
2.836
2.836
2.836
0.477
0.477
2.77
2.77
2.77
0.477
0.477
0.477
0.477
0.477
0.477
0.477
0.477
0.304
0.304
0.304
0.304
0.304
0.447
0.447
0.447
0.447
0.447
0.447
0.447
0.447
0.447
0.336
0.336
0.408
0.408
0.408
0.408
0.408
0.408
0.603
0.603
2.586
2.586
2.586
2.586
2.586
2.586
2.586
2.586
2.586
2.586
2.586
2.766
2.766
2.757
2.757
2.757
2.757
2.757
2.757
2.757
2.582
0.599
0.599
0.599
0.599
0.428
0.428
0.428
0.428
0.394
0.394
0.394
0.394
0.394
0.394
0.394
0.394
0.454
0.454
0.454
0.454
0.454
0.454
0.454
0.454
0.506
0.506
0.506
0.506
0.506
0.506
2.747
2.747
2.747
0.454
0.454
0.454
0.454
0.627
0.627
0.627
0.627
0.627
0.627
0.607
0.607
0.607
0.802
0.802
0.802
0.802
0.802
0.802
0.802
0.802
0.802
0.802
0.802
0.629
0.629
0.629
0.629
0.629
0.629
0.806
0.806
0.629
0.629
0.629
0.434
0.474
0.474
0.474
0.474
0.474
0.474
0.474
0.651
0.642
0.465
0.465
0.645
0.645
0.645
0.645
0.645
0.645
0.645
0.645
0.645
0.822
0.822
0.645
0.645
0.645
0.465
0.425
0.425
0.425
0.425
0.425
0.425
0.425
0.602
0.602
0.92
0.92
1.031
1.204
1.204
0.637
0.637
0.637
0.637
2.996
2.996
2.996
2.996
2.996
2.996
2.996
2.996
2.996
2.996
2.996
2.996
2.996
2.996
2.823
2.823
2.823
2.823
2.823
2.823
2.823
2.823
2.823
2.823
2.823
2.823
2.823
0.464
0.464
0.464
0.464
0.464
0.659
0.659
0.659
0.659
0.659
0.659
0.659
0.659
0.659
0.659
0.659
0.659
0.839
0.839
0.839
0.839
0.839
3.198
3.198
3.198
3.198
3.198
3.003
3.003
3.003
3.003
2.823
2.823
2.823
2.823
2.857
3.03
4.366
4.366
4.366
4.366
4.366
4.366
4.306
4.306
4.306
4.306
4.306
4.306
1.836
1.836
1.836
1.836
1.836
1.836
1.836
1.663
1.663
1.663
1.663
1.663
1.663
1.663
3.956
3.956
3.956
1.663
1.663
1.663
1.663
1.663
1.663
3.956
3.956
3.956
1.663
1.663
1.663
1.663
1.663
1.663
1.774
1.774
1.774
1.774
1.774
1.774
1.774
1.774
1.774
1.774
1.774
1.774
1.774
1.774
1.774
1.783
0.447
0.627
0.627
0.627
0.822
0.822
0.822
0.822
0.822
0.822
0.822
0.788
0.788
0.788
0.788
0.608
0.608
0.608
0.608
0.781
0.781
0.781
0.781
0.638
0.638
0.638
0.443
0.443
0.443
0.443
0.443
0.443
0.443
0.443
0.443
0.443
0.443
0.443
0.443
0.27
0.27
0.27
0.27
0.27
0.27
0.31
0.31
0.31
0.31
0.31
0.31
0.31
0.31
0.31
0.31
0.31
0.31
0.31
0.31
0.31
0.31
0.31
0.31
0.362
0.362
0.362
0.322
0.322
0.322
0.322
0.322
0.27
0.261
0.261
0.261
0.261
0.261
0.261
0.261
0.261
0.261
0.261
0.261
0.261
0.261
0.261
0.441
0.441
0.441
0.636
0.636
0.636
0.636
0.636
0.636
0.636
0.636
0.636
0.636
0.636
0.456
0.556
0.556
0.556
0.729
0.789
0.789
3.148
3.148
3.148
3.148
2.953
3.053
3.105
3.165
3.225
3.225
3.228
3.228
3.168
3.068
3.077
3.077
3.077
2.904
2.904
2.904
2.904
2.904
2.904
2.904
2.938
2.938
2.938
0.567
0.567
0.567
0.567
0.507
0.507
0.507
0.507
0.507
0.507
0.507
0.507
0.507
0.604
0.604
0.564
0.564
0.564
0.604
0.664
0.664
0.716
0.716
0.656
0.656
0.728
0.728
0.728
0.728
0.728
0.728
0.628
0.728
2.711
2.806
2.806
2.806
2.806
2.849
2.849
2.849
3.029
3.029
3.041
3.041
3.029
3.029
3.041
3.041
3.041
3.041
3.041
3.049
3.049
1.146
1.139
0.844
0.844
0.844
0.904
0.895
0.904
0.964
0.964
0.964
0.924
0.924
0.924
0.924
0.924
0.793
0.793
0.793
0.793
0.745
0.572
0.572
0.572
0.572
0.572
0.572
0.512
0.512
0.512
0.592
0.592
0.592
0.629
0.629
0.577
0.577
0.577
0.577
0.577
0.577
0.577
0.577
0.577
0.577
0.577
0.577
0.577
0.577
0.772
0.772
0.661
0.661
0.661
0.661
0.649
0.649
0.649
0.552
0.552
0.552
0.552
0.552
0.729
0.729
0.552
0.552
0.552
0.552
0.552
0.552
0.357
0.369
0.357
0.565
0.565
0.742
0.742
0.565
0.565
0.445
0.445
0.445
0.625
0.625
0.625
0.625
0.665
0.741
0.918
1.007
0.83
0.83
0.83
0.83
0.83
0.83
0.65
0.65
0.65
0.65
0.65
0.827
0.938
1.256
1.256
1.256
1.256
1.043
0.476
0.476
0.476
0.476
0.516
0.576
0.576
0.771
0.771
0.771
0.771
0.771
0.771
0.771
0.771
0.771
0.771
0.819
0.722
0.248
0.248
0.248
0.248
0.248
0.248
0.248
0.248
0.248
0.248
0.053
0.053
0.053
0.053
0.053
0.053
0.053
0.053
0.053
0.053
0.053
0.053
0.053
0.053
0.053
0.053
0.053
0.053
0.053
0.053
0.053
0.053
0.053
0.053
0.053
0.053
0.053
0.053
0.226
0.226
