0.054
0.054
0.054
0.054
0.054
0.054
0.054
0.054
0.054
0.054
0.054
0.054
0.054
0.054
0.054
0.054
0.054
0.054
0.054
0.054
0.054
0.054
0.054
0.054
0.054
0.054
0.054
0.054
0.054
0.054
0.054
0.054
0.054
0.054
0.054
0.054
0.054
0.054
0.054
0.054
0.054
0.054
0.054
0.054
0.054
0.054
0.054
0.054
0.054
0.054
0.054
0.054
0.054
0.054
0.054
0.054
0.054
0.054
0.054
0.054
0.054
0.054
0.054
0.054
0.054
0.054
0.054
0.054
0.054
0.054
0.054
0.054
0.054
0.054
0.054
0.054
0.054
0.054
0.054
0.054
0.054
0.054
0.054
0.054
0.054
0.054
0.054
0.054
0.054
0.054
0.054
0.054
0.054
0.054
0.054
0.054
0.054
0.054
0.054
0.054
0.054
0.054
0.054
0.054
0.054
0.054
0.054
0.054
0.054
0.054
0.054
0.054
0.054
0.054
0.054
0.054
0.054
0.054
0.054
0.054
0.054
0.054
0.054
0.054
0.054
0.054
0.054
0.054
0.054
0.054
0.054
0.054
0.054
0.054
0.054
0.054
0.054
0.054
0.054
0.054
0.054
0.054
0.054
0.054
0.054
0.054
0.054
0.054
0.054
0.054
0.054
0.054
0.054
0.054
0.054
0.054
0.054
0.054
0.054
0.054
0.054
0.054
0.054
0.054
0.054
0.054
0.054
0.054
0.054
0.054
0.054
0.054
0.054
0.054
0.054
0.054
0.054
0.054
0.054
0.054
0.054
0.054
0.054
0.054
0.054
0.054
0.054
0.054
0.054
0.054
0.054
0.054
0.054
0.054
0.054
0.054
0.054
0.054
0.054
0.054
0.054
0.054
0.054
0.054
0.054
0.054
0.054
0.054
0.054
0.054
0.054
0.054
0.054
0.054
0.054
0.054
0.054
0.054
0.054
0.054
0.054
0.054
0.054
0.054
0.054
0.054
0.054
0.054
0.054
0.054
0.054
0.054
0.054
0.054
0.054
0.054
0.054
0.054
0.054
0.054
0.054
0.054
0.054
0.054
0.054
0.054
0.054
0.054
0.054
0.054
0.054
0.054
0.054
0.054
0.054
0.054
0.054
0.054
0.054
0.054
0.054
0.054
0.054
0.054
0.054
0.054
0.054
0.054
0.054
0.054
0.054
0.054
0.054
0.054
0.054
0.054
0.054
0.054
0.054
0.054
0.054
0.054
0.054
0.054
0.054
0.054
0.054
0.054
0.054
0.054
0.054
0.054
0.054
0.054
0.054
0.054
0.054
0.054
0.054
0.054
0.054
0.054
0.054
0.054
0.054
0.054
0.054
0.054
0.054
0.054
0.054
0.054
0.054
0.054
0.054
0.054
0.054
0.054
0.054
0.054
0.054
0.054
0.054
0.054
0.054
0.054
0.054
0.054
0.054
0.054
0.054
0.054
0.054
0.054
0.054
0.054
0.054
0.054
0.054
0.054
0.054
0.054
0.054
0.054
0.054
0.054
0.054
0.054
0.054
0.054
0.054
0.054
0.054
0.054
0.054
0.054
0.054
0.054
0.054
0.054
0.054
0.054
0.054
0.054
0.054
0.054
0.054
0.054
0.054
0.054
0.054
0.054
0.054
0.054
0.054
0.054
0.054
0.054
0.074
0.054
0.104
0.104
0.104
0.104
0.104
0.164
0.164
0.164
0.198
0.198
0.238
0.258
0.258
0.258
0.198
0.198
0.224
0.224
0.224
0.224
0.224
0.224
0.224
0.284
0.284
0.258
0.258
0.358
0.378
0.244
0.244
0.224
0.224
0.224
0.224
2.583
2.592
2.583
2.583
2.583
2.603
2.603
2.603
2.663
2.553
2.653
2.653
2.753
2.753
2.773
2.773
0.354
0.354
0.354
0.363
0.363
0.303
0.294
0.294
0.294
0.344
0.334
0.334
0.394
0.394
0.394
0.394
0.434
0.569
0.578
0.578
0.578
0.578
0.598
0.598
0.598
0.598
0.598
0.598
0.598
0.598
0.598
0.558
0.558
0.558
0.498
0.438
0.438
0.438
0.488
0.488
2.847
2.847
2.797
2.797
2.797
2.797
2.797
2.967
2.967
2.867
2.867
2.797
2.797
2.797
2.857
2.857
0.498
0.498
0.498
0.558
0.623
0.623
0.623
0.723
0.723
0.723
0.683
0.743
0.743
0.743
0.773
0.773
0.773
0.793
0.658
0.658
0.658
0.608
0.608
0.608
0.682
0.682
0.682
0.817
0.817
0.817
0.829
0.829
0.829
0.829
0.866
0.806
0.806
0.806
0.806
0.806
0.806
0.806
0.806
0.806
0.806
0.806
0.806
0.806
0.806
0.806
0.806
0.746
0.746
0.796
0.78
0.645
0.645
0.645
0.645
0.745
0.745
0.611
0.611
0.611
0.611
0.502
0.482
0.482
0.482
0.482
0.482
0.482
0.482
0.542
0.542
0.542
0.482
0.482
0.482
0.582
0.582
0.737
0.737
0.737
0.677
0.737
0.637
0.737
0.809
0.809
0.809
0.849
0.849
0.849
0.749
0.809
2.792
2.718
2.718
2.718
2.718
2.718
2.718
2.718
4.938
4.838
4.838
2.581
2.716
2.786
2.786
2.786
2.786
2.786
2.786
2.846
2.846
0.793
0.793
0.793
0.793
0.793
0.743
0.743
0.743
0.743
0.843
0.903
0.903
0.843
0.843
0.743
0.743
0.743
0.743
0.843
0.843
0.783
0.783
0.783
0.792
0.792
0.792
0.852
0.852
0.852
0.912
0.962
0.962
0.962
0.962
1.022
0.972
0.972
0.972
0.972
0.972
0.972
0.972
0.972
0.972
0.972
0.972
0.972
0.972
1.027
1.087
1.027
1.027
1.087
1.087
1.087
1.087
1.087
1.087
1.087
1.087
1.087
1.087
1.047
1.224
1.224
1.037
1.017
1.017
1.017
1.017
1.017
1.077
1.077
1.077
1.077
1.077
1.254
1.254
1.077
0.942
0.942
0.942
0.942
0.942
0.942
0.942
0.942
0.942
0.952
1.189
1.189
1.046
1.116
1.056
0.962
0.892
0.883
0.883
1.018
0.883
0.883
0.883
1.06
1.06
1.378
1.378
1.378
1.415
1.415
0.848
0.868
0.868
0.848
0.848
0.848
0.848
0.848
0.848
0.848
0.848
0.848
0.848
0.836
0.776
0.796
0.796
0.796
0.796
0.796
0.736
0.656
0.656
0.656
0.756
0.696
0.596
0.596
0.596
0.656
0.656
0.656
0.531
0.571
0.571
0.571
0.571
0.696
0.746
0.736
0.611
0.731
0.731
0.671
0.671
0.671
0.731
0.731
0.731
0.731
0.731
0.631
0.631
0.631
0.631
0.691
0.691
0.691
0.691
0.691
0.885
0.885
0.885
0.885
0.885
0.825
0.885
0.885
0.885
0.845
0.855
0.818
0.818
0.832
0.832
0.832
0.832
0.832
0.832
0.832
0.772
0.772
0.772
0.798
0.683
0.683
0.743
0.743
0.758
0.758
0.933
0.798
0.798
0.798
0.798
0.798
0.798
0.778
0.718
0.718
0.718
0.718
0.718
0.718
0.768
0.768
0.668
0.668
0.668
0.668
0.668
0.677
0.677
0.777
0.802
0.922
0.872
0.872
0.872
0.872
0.932
0.932
0.932
0.932
0.932
0.932
0.932
0.932
1.002
1.002
0.932
0.992
0.932
1.917
1.917
1.917
0.923
0.923
0.923
0.923
0.923
0.863
0.803
0.803
0.853
0.853
0.876
0.876
0.776
0.776
0.776
0.776
0.79
0.79
0.74
0.585
0.72
0.72
0.72
0.78
0.78
0.78
0.78
0.775
0.775
0.775
0.775
0.775
0.715
2.152
2.152
2.152
2.277
2.277
2.337
2.337
2.277
2.277
2.337
2.329
2.329
2.329
2.379
2.329
2.484
2.484
2.472
2.472
2.472
2.572
2.572
2.572
2.572
2.572
2.572
2.622
2.622
2.782
2.782
1.245
1.245
1.185
1.185
1.185
1.185
1.185
1.185
1.185
1.06
1.06
1.373
1.373
1.373
1.373
1.06
1.06
1.06
1.373
1.373
1.336
1.396
1.237
1.117
1.117
1.177
1.163
1.163
1.172
1.172
1.172
1.112
1.162
1.162
1.162
1.162
1.162
1.162
0.054
0.054
0.054
0.054
0.054
0.054
0.054
0.054
0.054
0.054
0.324
0.559
0.499
0.499
0.499
0.374
0.499
0.499
0.499
0.499
0.533
0.533
0.533
0.533
0.533
0.57
0.57
0.63
0.63
0.69
0.69
0.69
0.702
0.702
0.702
0.702
0.642
0.642
0.642
0.642
0.642
0.642
0.642
0.642
0.63
0.68
0.68
0.68
0.694
0.734
0.734
0.734
0.734
0.694
0.694
0.694
0.694
0.694
0.694
0.694
0.694
0.584
0.584
0.584
0.584
0.594
0.594
0.594
0.594
0.594
0.594
0.594
0.519
0.531
0.519
0.519
0.519
0.519
0.519
0.519
0.519
0.519
0.519
0.519
0.519
0.519
0.519
0.519
0.519
0.654
0.654
0.654
0.714
0.714
0.714
0.714
0.714
0.884
0.847
0.747
0.727
0.677
0.677
0.677
0.802
0.802
0.802
0.802
0.802
2.897
2.897
2.897
0.777
0.677
0.677
0.802
0.802
0.667
0.667
0.767
0.667
0.653
0.653
0.653
0.653
0.753
0.753
0.753
0.698
0.698
0.698
0.698
0.698
0.738
0.772
0.772
0.792
0.792
0.832
0.769
0.779
0.739
0.739
0.739
0.739
0.914
0.764
0.764
0.764
0.764
0.764
3.123
3.123
3.123
3.123
3.123
3.123
3.123
3.123
3.073
3.073
3.073
3.073
3.073
3.123
3.123
3.123
0.764
0.714
0.764
0.764
0.764
0.764
0.764
0.764
0.784
0.784
0.884
0.984
0.884
0.884
0.884
1.019
0.884
0.944
0.924
0.924
0.924
0.944
0.944
0.884
0.884
0.884
0.864
0.864
0.864
0.864
0.864
0.864
0.864
0.999
0.999
0.999
0.999
0.999
0.999
0.879
0.73
0.73
0.615
0.745
0.745
0.728
0.748
0.848
1
1
1
1
1
1.04
1.04
1.04
1.04
1.04
1.155
1.155
1.169
1.169
1.099
1.099
1.099
1.099
1.099
1.099
1.099
1.099
1.099
0.999
1.059
1.059
1.059
1.059
0.934
0.799
0.749
0.819
0.785
0.845
0.845
0.845
0.845
0.845
0.835
0.835
0.835
0.835
0.68
0.68
0.68
0.68
3.039
3.039
3.039
3.039
3.089
3.224
3.224
3.224
3.224
3.224
3.174
3.174
3.174
3.174
3.174
3.174
0.815
0.815
0.765
0.765
2.985
2.985
2.985
0.765
0.705
0.705
0.765
0.563
0.723
0.663
0.723
0.773
0.773
0.735
0.735
0.772
0.772
0.712
0.712
0.758
2.195
2.135
2.135
2.135
2.32
2.32
2.32
2.32
2.32
2.32
2.32
2.32
2.32
2.32
2.42
2.42
2.32
2.32
2.334
2.334
2.647
2.802
2.802
2.937
2.624
2.624
2.624
2.624
2.598
2.598
0.992
0.992
0.992
0.992
1.127
1.127
1.002
1.002
3.222
3.222
3.222
1.002
0.887
0.887
0.887
0.887
0.827
0.817
0.817
0.817
0.817
0.817
0.817
0.867
0.867
0.847
0.797
0.797
0.797
0.797
0.797
0.817
0.817
0.932
0.872
0.872
0.872
0.906
0.869
0.869
0.869
0.869
0.869
0.769
0.769
0.769
0.634
0.634
0.634
0.622
0.622
0.622
0.622
0.622
0.622
0.622
0.622
0.622
0.622
0.622
0.562
0.548
0.548
0.548
0.548
0.548
0.548
0.548
0.548
0.548
0.548
0.548
0.548
0.683
0.683
0.548
0.548
2.768
2.828
2.828
0.608
0.608
0.668
0.608
0.608
0.608
0.568
0.568
0.568
0.568
0.568
0.568
0.618
0.618
0.618
0.618
0.618
0.618
0.558
0.558
0.598
0.658
0.7
0.7
0.65
0.65
0.7
0.7
0.7
0.835
0.835
0.835
0.835
0.823
0.823
0.763
0.763
0.843
0.728
0.668
0.648
0.648
0.648
0.662
0.662
0.622
0.642
0.642
0.642
0.054
0.054
0.054
0.054
0.054
0.054
0.054
0.054
0.054
0.054
0.054
0.054
0.054
0.054
0.054
0.054
0.054
0.054
0.054
0.054
0.054
0.054
0.054
0.054
0.054
0.054
0.054
0.054
0.054
0.054
