0.065
0.065
1.984
1.984
1.984
0.065
0.065
0.065
0.065
0.065
0.065
0.065
0.085
0.085
0.085
0.085
0.085
0.085
0.085
0.085
0.085
0.185
0.326
0.326
0.326
0.326
0.326
0.386
0.386
0.326
0.326
0.326
0.326
0.326
0.441
0.777
0.817
0.817
0.817
0.762
0.762
0.762
0.621
0.621
0.621
0.621
0.621
0.621
0.681
0.681
0.269
0.269
0.269
0.269
0.269
0.269
0.269
0.053
0.053
0.053
0.053
0.053
0.053
0.053
0.053
0.053
0.053
0.053
0.053
0.053
0.053
0.053
0.053
0.053
0.053
0.053
0.053
0.053
0.053
0.053
0.053
0.053
0.053
0.255
0.255
0.255
0.255
0.255
0.255
0.255
0.255
0.255
0.255
0.255
0.255
0.255
0.255
0.053
0.053
0.053
0.053
0.053
0.053
0.053
0.053
0.053
0.053
0.053
0.053
0.053
0.053
0.053
0.053
0.053
0.053
0.053
0.053
0.053
0.053
0.053
0.053
0.053
0.053
0.053
0.053
0.194
0.194
0.194
0.194
0.194
0.194
0.194
0.194
0.194
0.194
0.41
0.41
0.41
0.41
0.41
0.41
0.41
0.41
0.41
0.41
0.269
0.269
0.269
0.269
0.269
0.269
0.269
0.269
0.269
0.269
0.269
0.269
0.053
0.053
0.053
0.053
0.053
0.053
0.053
0.053
0.053
0.053
0.053
0.053
0.053
0.053
0.053
0.053
0.053
0.053
0.053
0.053
0.053
0.053
0.053
0.053
0.053
0.053
0.053
0.053
0.053
0.053
0.053
0.053
0.053
0.053
0.053
0.053
0.053
0.053
0.053
0.053
0.053
0.053
0.053
0.053
0.053
0.269
0.269
0.269
0.269
0.269
0.269
0.269
0.269
0.269
0.269
0.269
0.269
0.269
0.269
0.269
0.269
0.269
0.269
0.269
0.269
0.269
0.269
0.053
0.255
0.255
0.255
0.255
0.255
0.255
0.255
0.255
0.255
0.255
0.255
0.255
0.255
0.255
0.053
0.053
0.053
0.053
0.053
0.053
0.053
0.053
0.053
0.053
0.053
0.053
0.053
0.053
0.053
0.053
0.053
0.053
0.053
0.053
0.053
0.053
0.053
0.053
0.053
0.053
0.053
0.053
0.053
0.053
0.053
0.053
0.194
0.194
0.194
0.194
0.194
0.194
0.194
0.194
0.194
0.194
0.194
0.194
0.194
0.194
0.41
0.41
0.41
0.41
0.41
0.41
0.269
0.269
0.269
0.269
0.269
0.269
0.269
0.471
0.471
0.471
0.471
0.471
0.471
0.471
0.471
0.471
0.255
0.255
0.255
0.255
0.255
0.053
0.053
0.053
0.053
0.053
0.053
0.053
0.053
0.053
0.053
0.053
0.053
0.053
0.053
0.053
0.053
0.053
0.053
0.053
0.053
0.053
0.053
0.053
0.053
0.053
0.053
0.053
0.053
0.053
0.053
0.053
0.053
0.053
0.053
0.053
0.053
0.053
0.053
0.053
0.053
0.053
0.053
0.053
0.053
0.053
0.194
0.194
0.194
0.194
0.194
0.194
0.194
0.194
0.194
0.194
0.194
0.194
0.194
0.194
0.194
0.194
0.194
0.194
0.194
0.194
0.053
0.471
0.471
0.471
0.471
0.471
0.471
0.471
0.471
0.471
0.471
0.471
0.471
0.471
0.471
0.269
0.269
0.269
0.269
0.269
0.269
0.269
0.269
0.053
0.053
0.053
0.053
0.053
0.053
0.053
0.053
0.053
0.053
0.053
0.053
0.053
0.053
0.053
0.053
0.053
0.053
0.053
0.053
0.053
0.053
0.053
0.053
0.053
0.053
0.053
0.053
0.053
0.053
0.194
0.194
0.194
0.194
0.194
0.194
0.194
0.194
0.194
0.194
0.194
0.194
0.194
0.194
0.194
0.41
0.41
0.41
0.612
0.612
0.471
0.471
0.471
0.471
0.471
0.471
0.471
0.471
0.471
0.471
0.471
0.471
0.269
0.269
0.269
0.269
0.269
0.053
0.053
0.053
0.053
0.053
0.053
0.053
0.053
0.053
0.053
0.053
0.053
0.053
0.053
0.053
0.053
0.053
0.053
0.053
0.053
0.053
0.053
0.053
0.053
0.053
0.053
0.053
0.053
0.053
0.053
0.053
0.053
0.053
0.053
0.053
0.053
0.053
0.194
0.194
0.194
0.194
0.194
0.194
0.194
0.194
0.194
0.194
0.194
0.194
0.194
0.194
0.194
0.194
0.194
0.194
0.194
0.194
0.053
0.053
0.053
0.053
0.053
0.269
0.471
0.471
0.471
0.471
0.471
0.471
0.471
0.471
0.471
0.471
0.591
0.591
0.591
0.591
0.389
0.269
0.269
0.269
0.269
0.269
0.281
0.065
0.12
0.12
0.12
0.12
0.172
0.16
0.16
0.12
0.065
0.065
0.065
0.065
0.206
0.206
0.206
0.206
0.206
0.206
0.206
0.206
0.206
0.206
0.194
0.244
0.244
0.244
0.244
2.163
2.263
2.263
0.344
0.244
0.103
0.053
0.053
0.053
0.053
0.053
0.053
0.053
0.053
0.113
0.113
0.113
0.088
0.088
0.088
0.098
0.098
0.465
0.465
0.465
0.465
0.465
0.465
0.505
0.505
0.605
0.605
0.821
0.821
0.821
0.821
0.519
0.519
0.519
0.519
0.519
0.519
0.519
0.519
0.519
0.519
0.519
0.519
0.519
0.519
0.531
0.531
0.531
0.491
0.275
0.275
0.275
0.275
0.275
0.275
0.275
0.275
0.275
0.275
0.275
0.275
0.275
0.275
0.275
0.275
0.275
0.275
0.275
0.275
0.335
0.335
0.335
0.335
0.335
0.3
0.3
0.3
0.3
0.3
0.3
0.3
0.24
0.574
0.574
0.574
0.574
0.275
0.275
0.602
0.602
0.602
0.602
0.662
0.662
0.662
0.702
0.702
0.702
0.702
0.642
0.858
0.858
0.656
0.656
0.826
0.766
0.766
0.766
0.766
0.766
0.766
0.766
1.065
1.065
1.065
1.065
0.766
0.766
0.766
0.766
0.766
0.766
0.55
0.55
0.55
0.55
0.55
0.57
0.57
0.57
0.558
0.518
0.498
0.498
0.498
0.498
0.538
0.538
0.538
0.538
0.538
0.538
0.538
0.538
0.61
0.61
0.053
0.053
0.053
0.053
0.053
0.053
0.053
0.053
0.053
0.053
0.053
0.053
0.053
0.053
0.053
0.053
0.053
0.053
0.053
0.053
0.053
0.053
0.255
0.255
0.255
0.255
0.255
0.255
0.255
0.255
0.255
0.255
0.255
0.255
0.255
0.255
0.053
0.053
0.269
0.269
0.269
0.269
0.269
0.269
0.269
0.269
0.269
0.269
0.269
0.269
0.269
0.269
0.269
0.269
0.269
0.269
0.269
0.269
0.269
0.269
0.053
0.053
0.053
0.053
0.053
0.053
0.053
0.053
0.053
0.053
0.053
0.053
0.194
0.194
0.194
0.194
0.194
0.194
0.194
0.194
0.194
0.194
0.194
0.194
0.194
0.194
0.194
0.194
0.194
0.194
0.194
0.194
0.053
0.053
0.053
0.053
0.053
0.053
0.053
0.255
0.255
0.255
0.255
0.255
0.255
0.255
0.255
0.255
0.255
0.471
0.471
0.471
0.471
0.269
0.269
0.269
0.269
0.269
0.269
0.269
0.269
0.269
0.269
0.269
0.269
0.269
0.269
0.269
0.269
0.269
0.269
0.053
0.053
0.194
0.194
0.194
0.194
0.194
0.194
0.194
0.194
0.194
0.194
0.194
0.194
0.194
0.194
0.194
0.194
0.194
0.194
0.194
0.194
0.053
0.053
0.053
0.053
0.053
0.053
0.053
0.053
0.053
0.053
0.053
0.053
0.053
0.053
0.053
0.053
0.053
0.053
0.053
0.053
0.255
0.255
0.255
0.255
0.255
0.255
0.255
0.255
0.255
0.471
0.471
0.471
0.471
0.471
0.269
0.269
0.269
0.269
0.269
0.269
0.269
0.269
0.269
0.269
0.269
0.269
0.269
0.616
0.616
0.616
0.616
0.4
0.4
0.4
0.4
0.4
0.365
0.365
0.365
0.365
0.425
0.413
0.554
0.554
0.554
0.566
0.566
0.626
0.646
0.626
0.566
0.566
0.575
0.575
0.615
0.625
0.675
0.635
0.635
0.635
0.697
0.757
0.616
0.604
0.604
0.604
0.604
0.604
0.554
0.554
0.554
0.554
0.554
0.554
0.554
0.554
0.756
0.756
0.696
0.696
0.912
0.912
0.912
0.912
0.912
0.912
2.831
2.831
2.831
2.831
2.629
2.629
0.71
1.765
1.765
1.765
1.765
1.765
1.765
1.825
1.825
1.825
3.648
3.708
3.708
1.769
1.669
1.669
1.669
1.669
1.669
1.669
1.669
1.669
1.669
1.689
1.724
1.724
1.865
1.865
1.865
1.805
1.796
0.781
0.781
0.781
0.901
0.861
0.851
0.851
0.851
0.851
0.851
0.851
0.851
0.851
0.851
0.728
0.587
0.597
0.597
0.625
0.625
0.625
0.625
0.625
0.625
0.827
0.827
0.827
0.887
2.197
2.209
2.425
2.425
2.425
2.425
2.485
2.485
2.485
2.485
2.283
2.263
2.263
2.163
2.175
2.175
2.175
2.115
2.115
2.115
2.115
2.17
2.17
2.11
1.839
1.839
1.839
1.839
1.839
1.827
0.664
0.664
1.581
1.581
1.581
0.664
0.673
0.644
0.709
0.669
0.657
0.657
0.657
0.597
0.662
0.697
0.697
0.532
0.532
0.532
0.532
0.652
0.652
0.652
0.652
0.652
0.652
0.652
0.652
0.652
0.652
0.702
0.714
0.714
0.714
0.714
0.654
0.654
3.128
3.128
3.128
3.128
3.269
3.257
3.257
3.608
3.608
3.608
3.473
3.533
3.533
3.533
3.271
3.271
3.271
3.271
3.151
3.151
3.151
3.151
3.151
3.151
3.01
3.022
3.022
0.615
0.615
0.399
0.387
0.434
0.494
0.494
0.459
0.519
0.579
0.574
0.574
0.574
0.574
0.514
0.514
0.514
0.514
0.514
0.514
0.514
0.502
0.502
0.479
0.479
0.539
0.662
0.482
0.482
0.42
0.42
0.42
0.42
0.42
0.42
0.42
0.42
0.42
0.36
0.36
0.395
0.395
0.536
0.601
0.601
0.613
0.553
0.755
0.767
0.887
0.847
0.847
0.787
0.799
0.799
0.799
0.799
0.799
0.799
0.809
0.769
0.627
0.702
0.802
0.802
0.802
0.802
0.802
0.802
0.802
0.802
0.802
0.872
0.872
0.872
0.848
0.857
0.857
0.892
0.883
0.895
0.895
0.895
0.895
0.679
0.659
0.719
0.619
2.578
2.578
2.578
0.659
0.659
0.659
0.958
0.958
0.958
0.958
0.659
0.659
0.659
0.539
0.719
0.719
0.659
0.659
0.659
0.659
0.714
0.714
0.654
0.654
0.642
0.642
0.642
0.642
0.642
0.63
0.63
0.73
0.73
0.73
0.73
0.877
1.018
0.978
0.978
0.978
0.978
0.943
0.943
0.808
0.798
0.798
0.798
0.798
0.798
0.584
0.584
0.524
0.534
0.534
0.75
0.81
0.669
0.669
0.704
0.704
0.704
0.716
0.776
0.776
0.741
0.729
0.789
0.789
0.789
0.789
0.789
0.801
0.856
0.856
0.856
0.856
0.64
0.652
0.652
0.652
0.652
0.592
0.592
0.592
0.612
0.612
0.612
0.612
0.612
0.612
0.647
0.647
0.647
0.647
0.707
0.707
0.742
0.742
0.742
0.742
0.73
0.718
0.618
0.618
0.618
0.759
0.779
0.839
0.839
0.779
0.779
0.779
0.779
0.779
0.751
0.751
0.76
0.76
0.962
0.902
0.882
0.882
0.882
0.882
1.098
1.007
0.952
0.952
0.952
0.952
0.952
0.892
0.69
0.825
0.825
0.825
0.825
0.825
0.825
0.825
0.825
0.785
0.785
0.785
0.785
0.735
0.519
0.519
0.519
0.579
0.639
0.639
0.639
0.639
0.639
0.639
0.639
0.639
0.639
0.639
0.639
0.639
0.579
0.579
0.591
0.591
0.591
0.336
0.346
0.311
0.299
0.299
0.299
0.299
0.299
0.299
0.299
0.299
0.299
0.299
0.299
0.299
0.299
0.299
0.299
0.299
0.299
0.299
0.299
0.399
0.817
0.817
0.817
0.817
0.817
0.817
0.877
0.877
0.877
0.877
0.877
0.877
0.817
