0.053
0.053
0.053
0.053
0.053
0.053
0.053
0.053
0.053
0.053
0.053
0.053
0.053
0.053
0.053
0.053
0.053
0.053
0.053
0.053
0.053
0.243
0.243
0.243
0.243
0.243
0.243
0.243
0.243
0.243
0.243
0.243
0.243
0.243
0.243
0.243
0.243
0.243
0.243
0.243
0.243
0.243
0.243
0.053
0.053
0.053
0.053
0.053
0.053
0.053
0.053
0.053
0.053
0.053
0.053
0.053
0.232
0.232
0.232
0.232
0.232
0.232
0.232
0.232
0.232
0.232
0.232
0.232
0.232
0.232
0.232
0.232
0.232
0.232
0.232
0.232
0.053
0.053
0.053
0.053
0.053
0.053
0.053
0.053
0.053
0.053
0.053
0.053
0.053
0.053
0.053
0.053
0.053
0.053
0.053
0.053
0.243
0.243
0.243
0.243
0.243
0.243
0.243
0.243
0.243
0.243
0.243
0.243
0.243
0.243
0.243
0.243
0.243
0.243
0.243
0.243
0.243
0.243
0.053
0.409
0.409
0.409
0.409
0.409
0.409
0.409
0.409
0.409
0.409
0.409
0.409
0.409
0.409
0.232
0.232
0.232
0.232
0.232
0.232
0.053
0.053
0.053
0.053
0.053
0.053
0.053
0.053
0.053
0.053
0.053
0.053
0.053
0.053
0.053
0.053
0.053
0.053
0.053
0.053
0.053
0.053
0.053
0.053
0.053
0.053
0.053
0.053
0.053
0.053
0.053
0.053
0.053
0.053
0.053
0.053
0.053
0.053
0.053
0.053
0.053
0.053
0.053
0.053
0.053
0.053
0.243
0.243
0.243
0.243
0.243
0.243
0.243
0.243
0.243
0.243
0.243
0.243
0.243
0.243
0.243
0.243
0.243
0.243
0.243
0.243
0.243
0.243
0.232
0.232
0.232
0.232
0.232
0.232
0.232
0.232
0.409
0.409
0.409
0.409
0.409
0.409
0.409
0.409
0.409
0.409
0.409
0.409
0.23
0.23
0.053
0.053
0.053
0.053
0.053
0.053
0.053
0.053
0.053
0.053
0.053
0.053
0.053
0.053
0.053
0.053
0.053
0.053
0.053
0.053
0.053
0.053
0.053
0.053
0.053
0.053
0.053
0.053
0.053
0.053
0.053
0.053
0.243
0.243
0.243
0.243
0.243
0.243
0.243
0.243
0.243
0.243
0.243
0.422
0.422
0.422
0.422
0.422
0.422
0.422
0.422
0.422
0.422
0.422
0.232
0.232
0.232
0.232
0.232
0.232
0.232
0.232
0.232
0.053
0.053
0.053
0.053
0.053
0.23
0.23
0.23
0.23
0.23
0.23
0.23
0.23
0.23
0.23
0.23
0.23
0.23
0.23
0.053
0.053
0.053
0.053
0.053
0.053
0.053
0.053
0.053
0.053
0.053
0.053
0.053
0.053
0.053
0.053
0.053
0.053
0.243
0.243
0.243
0.243
0.243
0.243
0.243
0.243
0.243
0.243
0.243
0.243
0.243
0.422
0.422
0.422
0.422
0.422
0.422
0.422
0.422
0.422
0.232
0.232
0.232
0.232
0.232
0.232
0.232
0.232
0.232
0.232
0.232
0.053
0.053
0.053
0.053
0.053
0.053
0.053
0.053
0.053
0.23
0.23
0.23
0.23
0.23
0.23
0.23
0.23
0.23
0.23
0.23
0.23
0.23
0.23
0.053
0.053
0.053
0.053
0.053
0.053
0.053
0.053
0.053
0.053
0.053
0.053
0.053
0.053
0.053
0.053
0.053
0.053
0.053
0.053
0.053
0.053
0.243
0.243
0.243
0.243
0.243
0.243
0.243
0.243
0.243
0.243
0.243
0.243
0.243
0.243
0.243
0.243
0.243
0.243
0.243
0.243
0.243
0.243
0.053
0.053
0.053
0.053
0.053
0.073
0.073
0.205
0.205
0.193
0.228
0.228
0.228
0.278
0.278
0.278
0.422
0.422
0.601
0.541
1.061
1.146
1.146
1.146
1.238
1.188
1.248
1.283
1.343
1.368
1.368
1.308
1.308
0.808
0.808
0.868
0.808
0.808
0.537
0.552
0.637
0.637
0.677
0.677
0.677
0.617
0.577
1.077
1.077
0.577
0.767
0.767
0.767
0.767
0.867
0.867
0.867
0.867
0.854
0.889
0.804
0.669
0.669
0.729
0.729
0.789
2.772
2.712
2.712
2.772
2.797
2.298
2.108
2.108
2.108
2.108
2.108
2.108
2.108
2.108
2.108
2.108
2.108
2.108
2.108
2.108
2.108
0.125
0.125
0.125
0.125
0.125
0.125
0.125
0.125
0.125
0.125
0.125
0.125
0.302
0.302
0.302
0.302
0.302
0.302
0.302
0.302
0.302
0.302
0.302
0.302
0.437
0.457
0.365
0.365
2.674
2.674
2.674
2.674
2.674
2.674
2.674
2.624
2.654
2.814
2.814
4.867
4.927
5.037
2.934
2.934
2.934
2.934
2.849
2.849
0.57
0.57
0.605
0.605
0.545
0.545
0.605
0.545
0.545
0.559
0.559
0.644
1.972
2.032
2.023
1.925
1.925
1.748
1.748
1.773
1.773
1.773
1.798
1.798
1.771
1.95
2.035
2.095
2.272
2.272
2.095
2.095
2.095
2.022
2.107
1.937
2.141
2.226
2.166
2.081
2.166
2.258
0.939
0.747
0.687
0.795
0.795
1.4
0.815
0.827
0.912
0.912
0.912
0.88
1.557
1.617
1.943
1.943
1.943
1.826
1.386
3.448
3.483
3.483
3.483
3.483
3.543
3.543
3.448
3.448
3.448
3.468
3.468
3.468
3.408
3.408
3.408
3.408
3.408
3.408
3.408
3.408
3.454
3.336
3.336
3.371
3.336
3.336
3.336
3.351
3.65
5.633
5.548
5.548
5.548
5.548
5.608
5.575
5.587
5.587
5.587
5.468
5.408
6.228
6.143
6.263
5.943
5.943
5.923
5.911
5.682
5.682
3.699
3.759
3.759
3.759
3.759
3.759
3.759
3.759
3.819
1.32
1.42
1.42
1.335
1.335
0.835
0.954
1.014
1.014
1.014
1.099
1.099
1.014
1.014
1.074
1.264
1.264
1.264
1.264
1.264
1.264
1.349
1.349
1.229
1.229
1.229
1.229
1.229
1.169
1.169
1.219
1.219
1.169
1.169
1.169
1.169
1.169
1.479
1.419
1.419
1.24
1.24
1.24
1.24
1.24
1.24
1.18
1.18
1.18
1.357
1.369
1.369
1.429
1.429
1.606
1.594
1.357
1.467
1.432
1.432
1.432
1.372
1.372
1.374
1.374
1.374
1.374
1.611
1.551
1.424
1.424
1.484
1.484
1.484
1.299
1.249
1.249
1.249
1.249
1.249
1.426
0.926
0.939
0.76
0.76
0.772
1.272
1.272
1.272
1.272
1.391
1.391
1.391
1.518
1.568
1.886
1.886
1.886
1.886
1.826
1.124
1.005
1.14
1.14
0.95
0.9
0.9
0.9
0.9
0.9
0.9
0.9
0.9
0.9
0.9
1.052
1.052
1.052
1.052
1.102
1.152
1.272
1.272
1.237
1.237
1.118
0.725
0.725
0.7
0.709
0.723
0.723
0.783
0.783
0.868
0.868
0.868
0.868
0.868
0.888
0.731
0.731
0.671
0.671
0.671
0.671
0.671
0.671
0.599
0.778
0.838
0.838
0.838
1.088
1.088
1.088
1.088
1.028
0.968
0.968
1.078
1.078
1.043
1.078
1.078
1.078
1.113
1.613
1.673
1.494
1.494
1.494
1.494
1.494
1.494
1.304
1.364
1.364
1.364
1.424
1.424
1.424
2.244
2.244
2.244
1.424
1.424
1.364
1.331
1.296
1.356
1.296
1.296
1.296
1.296
1.296
1.236
1.236
1.236
1.236
1.236
1.176
1.363
0.849
0.849
0.849
0.849
0.849
0.849
0.849
0.849
0.849
0.849
0.849
0.849
0.23
0.053
0.053
0.053
0.053
0.053
0.053
0.053
0.053
0.053
0.053
0.053
0.053
0.053
0.053
0.053
0.053
0.053
0.053
0.053
0.053
0.053
0.053
0.053
0.053
0.053
0.053
0.053
0.053
0.053
0.053
0.053
0.053
0.053
0.053
0.053
0.053
0.232
0.232
0.232
0.232
0.232
0.232
0.232
0.232
0.232
0.232
0.232
0.232
0.232
0.232
0.232
0.232
0.232
0.232
0.232
0.232
0.053
0.053
0.053
0.188
0.202
0.322
0.322
0.322
0.322
0.499
1.722
1.722
1.722
1.722
1.722
1.782
1.832
2.332
2.392
2.392
2.477
2.477
2.537
1.81
1.81
1.81
2.31
2.275
2.275
2.275
2.465
2.525
2.525
2.585
2.585
2.585
2.585
2.025
2.025
1.965
2.025
1.965
2.015
2.015
2.065
2.065
2.1
2.1
2.065
2.26
2.26
2.26
1.97
1.97
1.97
1.97
1.91
1.97
1.91
2.695
2.695
2.695
1.875
2.375
2.395
2.395
2.395
2.395
2.395
1.895
0.672
0.672
0.672
0.672
0.707
0.647
0.612
0.598
0.598
0.598
0.598
0.598
1.107
1.107
1.131
1.081
1.175
1.175
1.175
1.175
1.175
1.26
1.26
1.225
1.302
1.302
1.302
1.302
1.302
1.483
1.518
1.387
1.387
1.447
1.387
1.327
1.168
1.168
0.991
0.991
1.031
1.091
0.991
0.991
1.111
1.111
1.111
1.086
1.1
1.15
1.15
1.15
1.15
1.15
1.15
1.1
1.1
1.1
1.135
1.115
1.187
1.152
1.342
3.453
3.453
3.453
1.41
1.41
1.35
1.359
1.359
1.359
1.359
1.359
1.359
1.359
1.35
1.4
1.4
1.4
1.44
1.44
1.38
1.33
1.24
1.24
1.419
1.276
0.776
1.055
1.055
0.995
1.091
1.151
1.151
1.151
1.151
1.711
1.651
1.651
1.651
1.651
1.828
1.828
1.788
1.788
1.888
1.888
1.888
1.709
1.609
1.609
1.609
1.621
1.524
1.428
1.251
1.166
1.251
1.226
1.226
1.297
1.297
1.297
1.297
1.297
1.212
1.247
1.247
1.247
1.247
1.332
1.332
1.417
1.367
1.427
1.327
1.327
1.399
1.399
1.399
1.399
1.364
1.364
1.464
1.325
1.41
1.41
1.41
1.245
1.245
1.245
1.245
1.233
0.733
0.673
0.713
0.713
0.798
0.713
0.713
0.713
0.713
0.678
0.678
1.168
0.668
0.638
0.618
0.632
0.676
0.667
0.667
0.582
0.977
0.917
0.917
1.013
1.013
1.132
1.132
1.132
1.632
1.612
1.672
1.732
1.732
1.752
1.752
1.752
1.632
1.727
1.989
1.982
1.962
2.002
1.812
3.915
3.33
3.33
1.167
1.187
1.187
1.167
1.167
1.702
1.465
1.525
1.525
3.188
3.188
3.575
1.472
1.412
1.412
1.545
1.57
1.57
1.51
1.51
1.57
1.63
3.733
3.733
3.733
1.63
1.715
1.655
1.595
1.595
1.595
1.595
1.535
1.45
1.45
1.45
1.5
1.5
1.415
1.5
1.5
1.5
1.486
1.486
1.486
3.829
3.869
4.048
1.945
1.914
1.854
1.954
1.894
1.894
1.394
1.394
1.468
1.468
1.468
1.408
1.289
1.289
1.466
1.466
1.466
1.466
1.433
1.064
1.029
1.029
1.029
1.029
0.979
0.979
0.979
1.479
1.302
1.282
1.282
1.282
1.362
1.362
1.362
1.362
1.481
1.481
1.481
1.481
1.481
1.481
1.481
1.481
1.481
1.481
1.481
1.581
1.581
1.581
1.581
1.581
1.581
1.581
1.581
1.581
1.631
1.511
1.511
1.511
1.511
1.511
1.511
1.511
1.511
1.511
1.511
1.511
1.511
1.511
1.392
1.582
1.602
1.602
1.602
1.635
1.635
1.635
1.635
1.539
1.504
1.44
1.44
1.44
0.94
0.855
1.067
1.067
1.032
3.135
3.135
3.135
1.092
0.916
1.085
0.23
0.23
0.23
0.23
0.23
0.053
0.053
0.232
0.232
0.232
0.232
0.232
0.232
0.232
0.232
0.232
0.232
0.232
0.232
0.232
0.232
0.232
0.232
0.232
0.232
0.232
0.232
0.053
0.053
0.053
0.053
0.053
0.053
0.053
0.053
0.053
0.053
0.053
0.053
0.053
0.053
0.053
0.053
0.243
0.243
0.243
0.243
0.243
0.243
0.243
0.243
0.243
0.243
0.243
0.243
0.243
0.243
0.243
0.243
0.243
0.243
0.243
0.243
0.243
0.243
0.23
0.23
0.23
0.23
0.23
