0.053
0.053
0.053
0.053
0.053
0.053
0.053
0.053
0.053
0.053
0.053
0.053
0.053
0.053
0.053
0.053
0.053
0.053
0.053
0.053
0.053
0.053
0.053
0.053
0.053
0.053
0.053
0.053
0.053
0.053
0.053
0.053
0.41
0.41
0.41
0.41
0.41
0.41
0.41
0.41
0.41
0.41
0.41
0.41
0.41
0.41
0.41
0.41
0.41
0.41
0.41
0.41
0.25
0.25
0.053
0.053
0.053
0.053
0.25
0.25
0.25
0.25
0.25
0.25
0.25
0.25
0.25
0.25
0.25
0.25
0.25
0.25
0.053
0.053
0.053
0.053
0.053
0.053
0.053
0.053
0.053
0.053
0.053
0.053
0.053
0.053
0.053
0.053
0.053
0.053
0.053
0.053
0.053
0.053
0.053
0.053
0.053
0.053
0.053
0.053
0.053
0.25
0.25
0.25
0.25
0.25
0.25
0.25
0.25
0.25
0.25
0.25
0.25
0.25
0.25
0.25
0.25
0.25
0.25
0.25
0.25
0.25
0.25
0.053
0.053
0.053
0.053
0.213
0.213
0.213
0.213
0.213
0.213
0.213
0.213
0.213
0.213
0.213
0.213
0.213
0.213
0.213
0.213
0.213
0.213
0.213
0.213
0.053
0.053
0.053
0.053
0.25
0.25
0.25
0.25
0.25
0.25
0.25
0.25
0.25
0.25
0.25
0.25
0.25
0.25
0.053
0.053
0.053
0.25
0.25
0.25
0.25
0.25
0.25
0.25
0.25
0.25
0.25
0.25
0.25
0.25
0.25
0.25
0.25
0.25
0.25
0.25
0.25
0.25
0.25
0.053
0.053
0.053
0.053
0.053
0.053
0.053
0.053
0.053
0.053
0.053
0.053
0.053
0.053
0.053
0.053
0.053
0.053
0.053
0.053
0.053
0.053
0.053
0.053
0.053
0.053
0.053
0.053
0.053
0.053
0.053
0.053
0.053
0.053
0.053
0.053
0.25
0.25
0.25
0.25
0.25
0.25
0.25
0.25
0.25
0.25
0.25
0.25
0.25
0.25
0.053
0.053
0.053
0.053
0.053
0.053
0.25
0.25
0.25
0.25
0.25
0.25
0.25
0.41
0.41
0.41
0.41
0.41
0.41
0.41
0.41
0.41
0.41
0.41
0.41
0.41
0.41
0.41
0.213
0.213
0.213
0.213
0.213
0.053
0.053
0.053
0.053
0.053
0.053
0.053
0.053
0.053
0.053
0.053
0.053
0.053
0.053
0.053
0.053
0.053
0.053
0.053
0.053
0.053
0.053
0.053
0.053
0.053
0.25
0.25
0.25
0.25
0.25
0.25
0.25
0.25
0.25
0.25
0.25
0.25
0.25
0.25
0.053
0.053
0.053
0.053
0.053
0.053
0.053
0.053
0.053
0.053
0.053
0.053
0.053
0.053
0.053
0.053
0.053
0.053
0.053
0.053
0.053
0.053
0.053
0.053
0.053
0.053
0.053
0.053
0.053
0.053
0.053
0.053
0.053
0.053
0.053
0.053
0.053
0.053
0.053
0.053
0.053
0.053
0.053
0.053
0.053
0.053
0.053
0.053
0.053
0.053
0.25
0.25
0.25
0.25
0.25
0.25
0.25
0.25
0.25
0.25
0.41
0.607
0.607
0.607
0.607
0.607
0.607
0.607
0.667
0.667
0.667
0.667
0.47
0.47
0.47
0.273
0.273
0.348
0.273
0.273
0.113
1.832
1.832
1.797
0.113
0.113
0.113
0.153
0.153
0.153
0.153
1.872
1.872
1.872
0.188
0.188
0.188
0.188
0.188
0.188
0.188
0.26
0.26
0.26
0.26
0.26
0.26
0.26
0.125
2.108
2.108
2.108
2.108
2.108
2.108
2.108
2.108
2.108
2.241
2.241
2.241
2.241
2.241
2.241
2.281
2.281
2.281
2.281
2.241
2.241
0.318
0.318
0.318
0.515
0.515
0.515
0.515
0.515
0.712
0.872
0.872
0.872
0.872
0.872
0.872
0.872
0.872
0.872
0.872
0.872
0.872
0.872
0.675
0.675
0.675
0.478
0.478
0.478
0.478
0.318
0.318
0.318
0.318
0.446
0.446
0.446
0.446
0.446
0.446
0.446
0.446
0.446
0.446
0.318
0.318
0.318
0.318
0.318
0.318
0.318
0.318
0.318
0.318
0.318
0.318
0.318
0.318
0.318
0.318
0.318
0.433
0.433
0.433
0.61
0.61
2.558
2.558
2.558
2.558
2.658
2.658
2.658
2.658
2.543
2.543
2.543
2.72
2.72
0.322
0.322
0.322
0.322
0.519
0.519
0.519
0.519
0.519
0.519
0.519
0.696
0.696
0.519
0.519
0.519
0.519
0.519
0.322
0.322
2.58
2.58
2.383
2.383
2.56
2.56
2.878
0.753
0.753
0.753
0.753
0.186
0.186
0.296
0.296
0.296
0.296
0.371
0.336
0.296
0.296
0.296
0.296
0.296
0.296
0.296
0.296
0.296
0.336
0.336
0.336
0.296
0.296
0.296
0.296
0.296
0.296
0.296
0.296
0.296
0.296
0.296
0.296
0.296
0.368
2.493
2.493
2.493
2.621
2.621
0.125
0.125
2.268
2.268
2.268
2.268
2.268
2.268
2.268
2.268
2.268
2.268
2.268
2.465
2.465
2.465
2.465
2.465
2.465
2.465
2.465
2.465
2.305
0.322
0.322
0.322
0.322
0.125
0.125
0.125
0.125
0.125
0.125
0.125
0.125
0.125
0.125
0.125
0.322
0.322
0.322
0.322
0.322
0.322
0.322
0.322
0.322
0.322
0.322
0.322
0.322
0.322
0.322
0.322
0.322
0.322
0.322
0.322
0.322
0.322
0.125
0.125
0.125
0.125
0.125
0.125
0.125
0.125
0.125
0.125
0.125
0.125
0.125
0.125
0.125
0.125
0.285
0.285
0.285
0.285
0.285
0.285
0.285
0.285
0.285
0.285
0.462
0.462
0.285
0.285
2.671
2.671
2.671
2.671
2.706
2.706
2.511
2.511
2.511
2.688
2.688
2.511
2.511
2.511
2.708
0.78
0.78
0.815
0.815
0.875
2.559
2.559
2.796
1.112
0.935
0.935
0.935
0.935
0.738
0.738
0.738
0.738
0.738
0.813
0.778
0.955
0.955
1.176
1.176
1.176
1.189
1.189
3.121
3.121
3.121
3.161
3.121
3.121
3.281
3.181
3.221
3.221
3.221
3.221
3.221
3.221
3.221
3.256
3.256
3.216
3.216
3.216
3.216
3.216
3.216
3.316
3.316
3.316
3.196
3.196
3.196
3.196
3.196
3.196
3.196
3.196
3.196
3.196
3.196
3.196
2.552
2.552
2.552
2.552
2.552
2.552
2.749
2.749
2.749
2.749
2.749
2.749
2.749
2.749
2.749
2.749
2.749
2.749
2.749
2.749
2.552
2.552
0.053
0.053
0.053
0.053
0.053
0.053
0.25
0.41
0.684
0.684
0.744
0.744
0.744
0.744
0.744
0.744
0.744
0.744
0.744
0.744
0.744
0.744
0.744
0.744
0.744
0.744
0.744
0.584
0.387
0.427
0.427
0.459
0.459
0.459
0.459
0.459
0.459
0.459
0.459
0.459
0.459
0.446
0.446
0.546
0.546
0.546
0.546
0.621
0.621
0.621
0.621
0.561
0.561
0.574
0.574
0.574
0.634
0.574
0.771
0.771
0.771
0.771
0.771
0.771
0.771
0.771
0.771
0.771
0.771
0.771
0.771
0.831
0.634
0.831
0.831
0.771
0.771
0.771
0.771
0.771
0.771
0.671
0.671
0.671
0.671
0.731
0.671
0.671
0.538
0.538
0.463
0.463
0.463
0.423
0.423
0.266
0.266
0.266
0.266
0.266
0.266
0.341
0.266
0.266
0.194
0.194
0.194
0.289
0.289
0.289
0.289
0.289
0.289
0.349
0.349
0.349
0.349
0.349
0.349
0.349
0.349
0.349
0.349
0.349
0.289
0.449
0.436
0.436
0.436
0.436
0.401
0.401
0.401
0.401
0.401
0.401
0.401
0.401
0.401
0.401
0.401
0.401
0.598
0.598
0.598
0.438
0.438
0.438
0.438
0.438
0.31
0.31
0.507
0.507
0.507
0.507
0.31
0.25
0.25
0.282
0.282
0.282
0.282
0.282
0.282
0.282
0.282
0.317
0.317
0.317
0.317
0.317
0.317
0.317
0.12
1.804
1.804
1.804
0.16
0.12
0.12
0.12
0.12
0.12
0.12
0.12
0.12
0.12
0.12
0.12
0.12
0.12
0.12
0.12
0.12
0.195
0.255
0.255
0.255
0.255
0.255
0.255
0.255
0.255
0.255
0.255
0.383
0.383
0.533
0.693
0.693
0.543
0.543
0.543
0.583
0.543
0.543
0.74
0.74
0.937
0.937
0.937
0.937
0.902
2.586
2.586
2.626
0.902
0.607
0.447
0.447
0.25
0.25
0.25
0.25
0.25
0.25
0.25
0.41
0.41
0.47
0.273
0.241
0.241
0.241
0.241
0.241
0.241
0.241
0.241
0.241
0.241
0.241
0.241
0.241
0.241
0.241
0.241
0.241
0.241
0.241
0.241
0.241
0.241
0.276
0.216
0.288
0.288
0.253
0.253
0.253
0.253
0.368
0.368
0.368
0.368
0.368
0.368
0.368
0.368
0.408
0.428
3.033
3.073
3.073
3.073
3.073
3.38
3.38
3.32
3.32
3.32
3.28
3.205
3.205
3.205
3.205
3.205
3.205
3.205
3.365
3.365
3.365
3.365
3.365
3.405
3.405
3.365
3.365
0.576
0.576
0.773
0.773
0.773
0.888
0.773
0.773
0.773
0.773
0.773
0.713
0.713
0.653
0.653
0.653
0.456
0.456
0.456
0.456
0.456
0.456
0.456
0.341
0.341
0.341
0.341
0.341
0.341
0.341
0.309
0.309
0.309
0.419
0.419
0.419
0.419
0.344
0.304
0.304
0.304
0.304
0.269
0.269
0.269
0.459
0.424
0.436
0.633
0.633
0.633
0.621
0.621
0.621
0.781
0.781
0.781
0.781
0.741
0.741
0.776
0.776
0.776
0.776
0.776
0.776
0.776
0.816
0.816
0.816
0.619
0.579
0.579
0.641
0.481
0.481
0.481
0.481
0.353
0.353
0.353
0.353
0.55
0.815
0.815
0.815
0.815
0.815
0.815
0.815
0.815
0.943
1.003
1.003
1.003
1.003
0.806
0.866
0.866
0.806
0.806
0.806
0.838
0.838
0.878
0.878
0.878
0.878
0.878
0.878
0.878
0.918
0.778
0.778
0.778
0.778
0.938
0.938
1.135
1.135
1.148
1.148
1.148
1.148
1.148
1.148
1.208
1.073
1.073
1.073
1.073
1.073
1.073
1.073
1.073
1.173
1.053
0.953
0.953
0.953
0.816
0.816
0.816
0.816
0.816
0.825
0.897
0.837
0.837
0.897
0.897
0.897
0.897
0.897
2.88
3.017
3.017
3.083
3.083
3.008
3.008
3.008
2.968
2.968
2.968
2.968
2.968
2.968
2.968
2.771
2.771
2.471
2.471
2.471
2.471
0.456
0.456
0.456
0.456
0.456
0.616
0.751
0.851
0.751
0.751
0.751
0.948
0.888
0.888
0.888
0.888
0.888
0.888
0.875
0.875
0.875
0.875
0.875
0.875
0.875
0.715
0.605
0.605
0.605
0.605
0.605
0.605
0.68
0.483
0.483
0.483
0.483
0.483
0.483
0.483
0.483
0.483
0.483
0.483
0.483
0.483
0.483
0.483
0.483
0.483
0.68
0.68
0.68
0.68
0.322
0.322
0.322
0.322
0.322
0.322
0.322
0.322
0.322
0.499
0.545
0.368
0.368
0.403
0.403
0.403
0.403
0.368
0.368
0.368
0.368
0.368
0.545
0.705
0.528
0.528
0.725
0.725
0.725
0.725
0.785
0.785
0.785
0.785
0.785
0.962
0.962
0.785
0.798
0.798
0.798
0.798
0.798
0.638
0.638
0.638
0.638
0.638
0.618
0.618
0.936
0.936
0.936
0.945
0.945
2.877
2.877
2.877
2.952
2.952
2.943
2.943
2.943
2.943
2.943
2.943
2.943
3.14
3.14
3.175
2.749
2.749
2.749
2.749
2.749
2.749
2.749
2.749
2.749
2.749
2.749
2.552
2.552
2.552
2.552
2.552
2.552
2.552
2.552
2.552
2.552
2.552
2.552
2.552
2.552
2.552
2.552
2.552
2.552
2.552
2.552
2.552
2.552
2.552
2.552
2.552
2.552
2.552
2.552
2.552
2.552
2.552
2.552
2.552
2.749
0.25
0.25
0.25
0.25
0.25
