0.053
0.053
0.053
0.053
0.053
0.053
0.053
0.053
0.053
0.053
0.053
0.053
0.053
0.053
0.053
0.053
0.053
0.053
0.053
0.053
0.271
0.271
0.271
0.271
0.271
0.271
0.271
0.271
0.271
0.271
0.271
0.271
0.271
0.271
0.271
0.271
0.271
0.271
0.271
0.271
0.271
0.271
0.053
0.053
0.053
0.053
0.053
0.053
0.053
0.053
0.053
0.053
0.053
0.053
0.053
0.053
0.053
0.053
0.053
0.053
0.053
0.053
0.053
0.053
0.053
0.053
0.053
0.053
0.053
0.053
0.053
0.053
0.053
0.053
0.053
0.053
0.053
0.053
0.053
0.053
0.053
0.053
0.053
0.053
0.053
0.233
0.233
0.233
0.233
0.233
0.233
0.233
0.233
0.233
0.233
0.392
0.392
0.392
0.392
0.212
0.212
0.212
0.212
0.212
0.212
0.212
0.212
0.212
0.212
0.212
0.212
0.212
0.212
0.43
0.43
0.271
0.271
0.271
0.271
0.271
0.271
0.271
0.271
0.271
0.271
0.271
0.271
0.271
0.271
0.271
0.271
0.271
0.271
0.271
0.271
0.053
0.053
0.053
0.053
0.053
0.053
0.053
0.053
0.053
0.053
0.053
0.053
0.053
0.053
0.053
0.053
0.053
0.053
0.053
0.053
0.233
0.392
0.392
0.392
0.392
0.392
0.392
0.392
0.392
0.392
0.392
0.392
0.392
0.392
0.212
0.212
0.212
0.212
0.212
0.212
0.212
0.053
0.053
0.053
0.053
0.053
0.053
0.053
0.053
0.271
0.271
0.271
0.271
0.271
0.271
0.271
0.271
0.271
0.271
0.271
0.271
0.271
0.271
0.271
0.271
0.271
0.271
0.271
0.271
0.271
0.271
0.053
0.053
0.053
0.053
0.053
0.053
0.053
0.053
0.053
0.053
0.053
0.053
0.053
0.053
0.053
0.053
0.053
0.053
0.053
0.053
0.053
0.053
0.053
0.053
0.053
0.053
0.053
0.053
0.053
0.053
0.053
0.053
0.053
0.053
0.053
0.053
0.053
0.053
0.053
0.053
0.053
0.233
0.233
0.392
0.392
0.392
0.392
0.392
0.392
0.392
0.392
0.392
0.392
0.392
0.392
0.212
0.212
0.212
0.212
0.212
0.212
0.212
0.212
0.053
0.053
0.053
0.053
0.053
0.053
0.053
0.053
0.053
0.053
0.053
0.053
0.053
0.053
0.053
0.053
0.053
0.053
0.053
0.271
0.271
0.271
0.271
0.271
0.271
0.271
0.271
0.271
0.271
0.271
0.271
0.271
0.271
0.271
0.271
0.271
0.271
0.271
0.271
0.271
0.271
0.053
0.053
0.053
0.053
0.053
0.053
0.053
0.053
0.053
0.053
0.053
0.053
0.053
0.233
0.233
0.233
0.233
0.233
0.233
0.233
0.233
0.233
0.233
0.233
0.233
0.233
0.233
0.053
0.053
0.053
0.053
0.053
0.053
0.053
0.053
0.053
0.053
0.053
0.053
0.053
0.053
0.053
0.053
0.053
0.053
0.053
0.053
0.053
0.053
0.053
0.053
0.212
0.212
0.212
0.212
0.212
0.212
0.212
0.212
0.212
0.212
0.212
0.212
0.212
0.212
0.212
0.212
0.212
0.212
0.212
0.212
0.053
0.053
0.053
0.053
0.053
0.053
0.053
0.053
0.053
0.053
0.053
0.053
0.053
0.053
0.053
0.053
0.053
0.451
0.451
0.451
0.451
0.451
0.451
0.451
0.451
0.451
0.451
0.451
0.451
0.451
0.511
0.331
0.331
0.331
0.331
0.331
0.411
0.471
0.491
0.273
0.313
0.683
0.683
0.783
0.783
0.413
0.413
0.413
0.413
0.55
0.55
0.55
0.55
0.55
0.71
0.71
0.71
0.71
0.71
0.71
0.71
0.65
0.65
0.65
0.67
0.67
0.67
0.67
0.67
0.053
0.053
0.053
0.053
0.053
0.053
0.053
0.053
0.053
0.053
0.053
0.053
0.053
0.053
0.053
0.053
0.053
0.053
0.053
0.053
0.053
0.053
0.053
0.053
0.212
0.212
0.392
0.392
0.392
0.392
0.392
0.392
0.392
0.392
0.392
0.392
0.392
0.392
0.392
0.392
0.389
0.389
0.389
0.389
0.23
0.23
0.23
0.29
0.29
0.31
0.528
0.528
0.528
0.528
0.568
0.608
0.568
0.568
0.528
0.528
0.528
0.528
0.528
0.528
0.528
0.528
0.528
0.588
0.588
0.588
0.588
0.588
0.41
0.41
0.41
0.41
0.41
0.41
0.41
0.47
0.576
0.576
0.576
0.576
0.576
0.576
0.576
0.576
0.576
0.576
0.596
0.596
0.596
0.596
0.596
0.596
0.596
0.596
0.596
0.596
0.596
0.596
0.776
0.776
0.776
0.776
0.776
0.935
0.935
0.935
0.935
0.935
0.935
0.935
0.935
0.935
0.755
0.755
0.755
0.755
0.695
0.695
0.695
0.775
0.775
0.775
0.715
0.556
0.556
0.591
0.591
0.536
0.754
0.754
0.714
0.714
0.674
0.674
0.774
0.814
0.814
0.814
0.814
0.774
0.774
0.774
0.774
0.774
0.774
0.834
0.734
0.734
0.734
0.734
0.516
0.516
0.516
0.516
0.516
0.556
0.556
0.556
0.556
0.556
0.556
0.556
0.556
0.616
0.616
0.636
0.576
0.576
0.576
0.576
0.516
0.676
0.676
0.656
0.656
0.656
0.656
0.656
0.656
0.656
0.776
0.716
0.716
0.716
0.716
0.756
0.875
0.875
0.875
0.875
0.875
0.875
0.875
0.875
0.875
0.875
1.055
1.055
1.055
1.055
1.055
1.055
1.095
1.095
1.273
1.273
1.114
1.114
1.114
1.174
0.934
0.888
0.888
0.888
0.888
0.888
0.888
0.828
0.828
0.828
0.808
0.808
0.908
0.908
0.808
0.708
0.49
0.49
0.49
0.49
0.49
0.47
0.51
0.47
0.545
0.605
0.605
0.579
0.539
0.579
0.444
0.444
0.444
0.444
0.499
0.464
0.444
0.444
0.484
0.484
0.484
0.484
0.424
0.424
0.424
0.424
0.424
0.424
0.424
0.424
0.424
0.364
0.364
0.364
0.364
0.364
0.364
0.364
0.364
0.404
0.404
0.404
0.584
0.584
0.644
0.644
0.604
0.664
0.664
0.704
0.664
0.664
0.664
0.664
0.664
0.882
0.702
0.702
0.702
0.742
0.961
0.961
1.021
0.981
0.981
0.981
1.053
1.053
1.053
1.153
1.153
1.153
1.153
1.153
3.136
3.136
3.076
2.858
2.858
2.858
2.665
2.665
2.665
2.665
2.76
2.72
2.548
2.608
2.608
2.548
2.608
2.468
2.508
2.448
2.548
0.577
0.599
0.639
0.674
0.614
0.614
0.614
0.614
0.714
0.774
0.951
0.851
0.851
0.885
0.885
0.885
0.885
0.945
0.85
0.85
0.79
0.83
0.83
0.83
0.83
0.79
0.79
0.79
0.97
1.01
0.91
0.91
0.91
0.91
0.91
0.91
0.91
1.069
1.069
1.069
1.069
1.069
0.889
1.107
1.147
1.147
1.207
1.227
1.227
1.107
1.107
1.167
1.107
1.107
1.107
1.107
1.107
0.948
0.948
0.948
1.008
0.948
0.948
1.125
1.125
0.73
0.73
0.73
0.73
0.73
0.73
0.75
0.75
0.738
0.738
0.738
0.915
0.915
0.738
0.738
0.738
0.738
0.738
0.738
0.738
0.738
0.604
0.604
0.604
0.781
0.821
0.644
0.684
0.644
0.644
0.644
0.644
0.644
0.624
0.624
0.624
0.624
0.821
0.821
1.139
1.319
1.319
1.319
1.319
0.812
0.812
0.852
0.852
0.872
0.872
0.772
0.871
0.749
0.749
0.569
0.569
0.569
0.787
0.787
0.787
0.787
0.787
0.787
0.859
0.859
2.927
2.927
2.927
0.859
0.859
0.859
2.683
2.683
2.783
2.783
2.783
2.843
2.843
2.843
2.625
2.625
2.645
2.705
2.705
2.705
2.685
2.685
2.685
2.685
2.725
2.725
2.725
0.742
0.802
0.802
0.802
0.802
0.802
0.802
0.814
0.814
0.814
0.814
0.814
0.814
0.814
0.814
0.814
0.814
0.814
0.814
0.994
0.994
0.994
0.994
0.994
0.994
0.954
1.014
1.014
1.014
1.014
0.954
0.954
0.954
0.992
0.992
0.992
0.992
0.992
0.992
0.992
0.992
0.992
1.032
1.072
1.072
1.032
1.032
1.032
1.032
1.032
1.092
1.032
1.191
1.171
1.171
0.953
0.953
0.953
0.953
0.953
0.973
1.033
0.973
1.15
1.11
0.933
0.973
0.913
0.913
0.953
0.953
0.953
0.754
0.694
0.794
0.794
0.871
0.906
0.729
0.694
0.682
0.682
0.742
0.908
0.868
0.868
0.868
0.868
0.868
0.985
2.273
2.096
1.976
1.976
2.036
2.076
2.076
2.076
2.076
2.116
2.296
2.256
2.433
2.433
2.751
2.811
2.751
3.091
3.151
2.584
2.636
2.671
2.671
2.549
2.429
2.394
2.334
2.334
2.334
2.274
2.274
2.274
2.274
2.274
2.294
2.294
2.294
2.334
2.334
2.116
2.116
2.016
2.016
2.016
2.016
2.016
2.016
2.016
2.056
2.056
2.116
2.176
2.116
2.128
2.128
2.188
2.188
2.188
2.223
2.088
0.8
2.928
2.928
2.719
0.651
0.651
0.551
0.611
0.611
0.71
0.71
0.71
0.67
0.67
0.772
0.772
2.976
2.976
2.976
2.988
2.928
2.916
2.916
2.916
2.916
2.936
2.936
2.936
2.936
2.777
2.737
2.737
2.897
2.885
2.945
2.945
2.785
2.785
2.785
2.965
2.965
2.965
2.965
0.979
0.979
0.979
0.979
0.979
1.039
3.107
3.107
3.147
1.114
3.002
2.8
2.8
0.772
0.692
0.692
0.692
0.752
0.832
0.832
0.832
0.872
2.722
2.722
2.722
0.666
0.666
0.626
0.626
0.626
0.626
0.666
0.666
0.885
1.985
1.925
1.805
0.705
0.705
0.705
0.705
0.705
0.805
0.805
0.705
0.705
0.645
0.645
0.545
0.565
0.565
0.505
0.565
0.506
0.486
0.486
0.486
0.386
0.386
0.346
0.446
0.446
0.446
0.526
1.774
1.714
1.714
1.714
1.714
1.754
1.754
1.754
1.934
1.934
1.934
1.934
1.934
1.994
2.212
2.212
2.172
2.172
2.172
2.172
2.172
2.172
1.992
1.992
1.992
1.932
1.992
4.12
4.12
4.12
2.052
2.112
2.212
2.371
2.153
2.153
1.935
1.935
1.875
1.875
1.875
1.875
1.875
1.875
1.875
1.875
1.835
1.835
1.835
1.775
1.809
1.809
1.809
1.71
1.79
1.79
1.89
1.89
1.99
1.99
0.602
0.722
0.622
0.562
0.522
0.522
0.644
0.644
0.644
0.644
0.744
0.744
0.724
0.684
0.624
0.584
0.464
0.464
0.464
0.464
0.504
0.464
0.464
0.464
0.464
0.464
0.464
0.524
0.524
0.524
0.524
0.704
0.81
0.81
0.81
0.822
0.822
0.822
0.822
0.822
0.822
0.822
0.882
0.822
0.776
0.631
0.631
0.631
0.511
0.476
0.476
2.68
2.68
2.68
2.72
2.72
2.72
2.76
2.76
2.76
2.76
2.8
2.959
2.885
2.885
2.885
3.103
3.103
3.143
3.143
3.143
3.143
3.103
3.103
3.163
3.163
3.103
3.163
1.119
1.119
1.119
1.119
1.06
1.06
0.8
0.86
0.86
0.86
0.642
0.642
0.642
0.642
0.642
0.602
0.602
0.602
0.702
0.702
0.567
0.601
0.601
0.601
0.601
0.601
0.601
0.601
0.601
0.661
0.649
0.649
0.649
0.649
0.649
0.649
0.649
0.929
0.929
0.929
0.929
0.829
0.769
0.769
0.769
0.769
0.769
0.769
0.769
0.233
0.233
0.053
0.053
0.053
0.053
0.053
0.053
0.053
0.053
0.053
0.053
0.053
0.053
0.053
0.053
0.053
0.053
0.053
0.053
0.053
0.053
0.053
0.053
0.053
0.053
0.053
0.053
0.271
0.271
0.271
0.271
0.271
0.43
0.43
0.43
0.43
0.43
0.43
0.43
0.43
0.43
0.43
0.43
0.43
0.43
0.43
0.43
0.43
0.43
0.212
0.212
0.212
0.053
0.053
0.053
0.053
0.053
0.053
0.053
