0.053
0.053
0.053
0.053
0.093
0.093
0.193
0.133
0.192
0.192
0.053
0.053
0.053
0.053
0.053
0.053
0.053
0.053
0.053
0.053
0.053
0.053
0.053
0.053
0.053
0.053
0.053
0.053
0.053
0.053
0.053
0.053
0.053
0.053
0.053
0.21
0.21
0.21
0.21
0.21
0.21
0.21
0.21
0.21
0.21
0.21
0.21
0.21
0.21
0.21
0.21
0.21
0.21
0.21
0.21
0.053
0.053
0.053
0.053
0.053
0.053
0.053
0.053
0.053
0.053
0.053
0.053
0.053
0.257
0.257
0.257
0.257
0.257
0.257
0.257
0.257
0.257
0.257
0.257
0.257
0.257
0.257
0.257
0.257
0.257
0.257
0.257
0.257
0.257
0.257
0.053
0.053
0.053
0.053
0.053
0.053
0.053
0.053
0.053
0.053
0.053
0.053
0.053
0.053
0.053
0.053
0.053
0.053
0.053
0.053
0.053
0.053
0.053
0.053
0.053
0.053
0.053
0.053
0.053
0.053
0.053
0.053
0.053
0.053
0.053
0.053
0.053
0.053
0.053
0.053
0.053
0.053
0.053
0.053
0.053
0.053
0.053
0.053
0.053
0.053
0.053
0.257
0.257
0.257
0.257
0.257
0.257
0.257
0.257
0.257
0.257
0.257
0.257
0.257
0.257
0.257
0.257
0.257
0.257
0.257
0.257
0.257
0.257
0.053
0.053
0.053
0.053
0.053
0.053
0.053
0.053
0.053
0.053
0.053
0.053
0.053
0.053
0.21
0.21
0.21
0.21
0.21
0.21
0.21
0.21
0.21
0.21
0.21
0.21
0.21
0.21
0.21
0.21
0.21
0.21
0.21
0.21
0.053
0.053
0.053
0.053
0.053
0.053
0.053
0.053
0.053
0.053
0.053
0.053
0.053
0.053
0.053
0.053
0.053
0.053
0.053
0.053
0.053
0.053
0.257
0.257
0.257
0.257
0.257
0.257
0.257
0.257
0.257
0.257
0.257
0.257
0.257
0.257
0.257
0.257
0.257
0.257
0.257
0.257
0.257
0.257
0.053
0.053
0.053
0.053
0.053
0.053
0.053
0.053
0.053
0.053
0.053
0.053
0.053
0.053
0.053
0.053
0.053
0.053
0.053
0.053
0.053
0.053
0.053
0.053
0.053
0.053
0.053
0.053
0.053
0.053
0.053
0.053
0.053
0.053
0.053
0.053
0.053
0.053
0.053
0.053
0.053
0.053
0.053
0.053
0.257
0.257
0.257
0.257
0.257
0.257
0.257
0.257
0.257
0.257
0.257
0.257
0.257
0.414
0.414
0.414
0.414
0.414
0.414
0.414
0.414
0.414
0.21
0.21
0.21
0.21
0.21
0.21
0.21
0.21
0.21
0.21
0.21
0.053
0.053
0.053
0.053
0.053
0.053
0.053
0.053
0.053
0.053
0.053
0.053
0.053
0.053
0.053
0.053
0.053
0.053
0.053
0.053
0.053
0.053
0.053
0.053
0.053
0.053
0.053
0.053
0.053
0.053
0.053
0.053
0.053
0.053
0.053
0.053
0.053
0.053
0.053
0.053
0.257
0.257
0.257
0.257
0.257
0.257
0.257
0.257
0.257
0.257
0.257
0.257
0.277
0.277
0.312
0.352
0.417
0.417
0.397
0.409
0.429
0.417
0.213
0.278
0.258
0.258
0.258
0.218
0.218
0.218
0.218
0.218
0.218
0.218
0.218
0.218
0.218
3.041
3.041
3.041
3.041
3.101
3.101
3.141
3.141
3.101
3.136
3.136
3.136
3.136
3.136
3.136
3.196
0.308
0.257
0.257
0.257
0.197
0.206
0.206
0.206
0.306
0.306
0.206
0.206
0.306
0.306
0.306
0.246
0.246
0.45
0.45
0.257
0.257
0.257
0.257
0.257
0.257
0.257
0.257
0.257
0.257
0.257
0.257
0.257
0.257
0.257
0.257
0.257
0.257
0.257
0.257
0.053
0.053
0.053
0.053
0.053
0.053
0.053
0.053
0.053
0.053
0.053
0.113
0.113
0.113
0.113
0.113
0.113
0.113
0.113
0.113
0.125
0.125
0.235
0.235
0.335
0.335
0.275
0.275
0.275
0.275
0.275
0.355
0.355
0.355
0.355
0.512
0.512
0.512
0.512
0.512
0.552
0.592
0.58
0.59
0.794
0.854
0.794
0.754
0.782
0.782
0.722
0.722
0.722
0.722
0.722
0.565
0.565
0.565
0.605
0.525
0.525
0.525
0.525
0.525
0.525
0.575
0.371
0.321
0.371
0.431
0.431
0.471
0.411
0.511
0.371
0.311
0.311
0.311
0.311
0.261
0.261
0.261
0.261
0.261
0.37
0.37
0.37
0.43
0.43
0.37
0.361
0.361
0.401
0.401
0.401
0.412
0.472
0.532
0.432
0.432
0.592
0.592
0.652
0.652
0.652
0.652
0.592
0.592
0.592
0.601
0.601
0.601
0.601
0.805
0.785
0.725
0.725
0.725
0.84
0.625
0.625
0.657
0.657
0.597
0.597
0.597
0.606
0.606
0.647
0.647
0.647
0.766
0.801
0.766
0.766
0.562
0.562
0.562
0.634
0.634
0.534
0.534
0.534
0.534
0.534
0.534
2.517
2.517
2.517
2.517
2.669
2.677
2.677
2.677
2.677
2.677
2.777
2.777
2.777
2.777
2.934
2.934
3.034
3.034
3.034
3.034
2.934
0.951
0.94
1.04
1.068
1.028
1.028
1.028
1.063
1.063
1.063
1.146
1.106
1.106
0.949
0.964
0.964
0.889
0.889
0.889
0.789
0.789
0.789
0.769
0.769
0.837
0.837
0.837
0.837
0.737
0.797
0.846
0.837
0.837
0.837
1.041
1.161
1.121
1.041
0.941
0.881
0.881
0.881
0.841
0.806
0.826
0.866
0.866
0.766
0.766
0.766
0.716
0.716
0.716
0.876
0.876
1.073
0.904
0.904
0.864
0.729
0.829
0.864
0.704
0.881
0.881
0.804
0.704
0.704
0.704
0.704
0.704
0.704
0.804
0.804
0.804
0.647
0.796
0.796
0.5
0.5
0.465
0.465
0.465
0.605
0.54
0.44
0.4
0.4
0.457
0.634
0.634
0.457
0.457
0.517
0.517
0.517
0.577
0.586
0.645
0.553
0.553
0.757
1.026
0.966
1.224
1.224
1.324
1.324
1.324
0.768
0.768
0.768
0.768
0.768
0.768
0.768
0.808
0.759
0.759
0.768
0.768
0.759
0.619
0.515
0.515
0.515
0.515
0.587
0.587
0.587
0.627
0.627
0.587
0.587
0.537
2.5
2.5
2.528
2.528
2.528
2.528
2.468
2.468
2.428
2.428
3.729
3.729
3.729
2.585
2.72
2.685
2.685
2.685
2.685
2.685
2.685
0.702
0.702
0.702
0.702
0.702
0.711
0.771
0.771
0.771
0.686
0.686
0.721
0.686
0.686
0.726
0.826
0.826
2.909
2.969
2.969
2.969
3.004
3.029
3.089
3.089
3.103
3.032
3.032
3.032
3.032
2.982
3.082
3.226
3.126
3.126
3.221
3.181
3.181
1.238
1.178
1.178
1.178
1.178
1.078
1.078
1.118
1.118
1.118
1.058
1.018
1.018
1.018
1.058
1.058
0.826
0.886
0.767
0.767
0.767
0.867
0.867
0.867
0.917
1.094
1.134
0.957
0.897
0.862
0.862
0.862
0.862
0.862
0.862
0.922
0.922
0.922
1.099
1.159
0.982
0.982
1.239
1.199
1.099
1.099
1.099
1.125
1.125
1.085
1.025
1.202
1.321
1.155
1.155
1.195
1.195
1.195
1.195
1.195
1.195
1.195
1.242
1.439
1.676
1.499
1.829
1.829
1.769
1.797
1.866
3.798
3.798
3.798
3.798
5.552
5.72
5.72
5.543
5.543
5.583
5.61
5.61
5.61
5.406
5.406
5.466
5.366
5.366
5.543
5.543
5.326
5.326
5.306
5.187
5.187
5.115
5.115
5.115
5.115
5.115
5.115
3.538
3.538
3.856
3.856
3.856
3.856
3.856
3.289
3.289
3.289
3.446
3.546
3.546
3.446
3.446
3.506
3.506
3.414
3.414
3.414
3.514
3.514
3.514
3.514
3.363
3.363
3.463
3.567
3.467
1.068
0.811
0.811
0.811
0.811
0.822
0.822
0.922
0.922
0.922
0.922
0.894
0.885
0.885
0.925
0.925
0.925
0.925
0.965
1
0.796
0.756
0.915
0.915
0.915
0.915
0.915
0.975
0.975
0.935
0.935
0.935
0.935
0.935
0.935
0.935
0.935
0.935
0.935
1.035
1.035
1.035
1.035
1.035
1.035
1.035
0.985
0.985
0.985
1.085
1.085
0.985
0.845
0.91
0.945
0.925
1.082
1.082
1.082
1.082
1.082
1.131
1.131
1.131
1.131
1.231
1.241
1.166
1.166
1.116
1.116
1.208
1.188
1.108
1.108
1.108
0.951
0.951
1.04
1
0.9
1.154
1.154
1.154
1.094
1.094
1.094
1.044
1.072
1.022
1.05
1.03
1.03
1.03
0.99
1.07
1.13
1.11
1.11
1.11
1.202
1.11
1.11
0.906
0.846
0.881
0.881
0.881
0.702
0.702
0.737
0.797
0.797
0.797
0.797
0.797
0.797
0.722
0.722
0.882
2.045
2.045
2.045
2.045
2.045
2.045
2.045
2.045
2.045
2.045
1.885
1.885
1.95
1.99
1.99
1.865
1.925
1.985
1.985
2.025
2.125
2.125
2.21
2.19
2.19
2.19
2.09
2.09
2.122
2.122
0.899
0.899
0.919
0.919
0.959
0.959
0.894
0.894
0.905
2.043
1.943
2.015
2.015
2.015
2.015
2.075
2.075
1.975
1.975
1.975
1.975
1.975
1.975
1.975
1.9
1.9
1.9
1.96
1.9
1.9
1.9
2.104
2.004
1.944
1.944
1.944
1.944
1.944
1.944
0.926
2.05
2.11
2.11
1.066
1.066
0.966
0.986
0.986
1.143
1.143
1.135
1.135
1.135
0.931
0.919
0.979
1.138
1.218
1.158
1.193
1.193
1.173
1.074
1.074
1.034
1.034
1.034
1.034
0.977
0.857
0.797
0.757
0.657
0.657
0.657
0.657
0.657
0.697
0.757
0.785
0.745
0.734
0.734
0.774
0.754
0.774
0.814
0.814
0.854
0.863
1.023
0.963
0.954
0.854
0.854
0.868
0.868
1.072
1.172
1.152
1.088
1.088
1.088
1.088
1.048
1.048
0.988
1.048
0.988
0.988
0.903
0.878
0.898
0.898
0.878
0.803
0.96
0.96
0.96
0.756
0.796
0.796
0.915
1.065
1.125
1.005
1.005
1.005
1.025
1.025
1.034
1.014
1.014
1.014
1.014
1.014
0.866
0.774
0.765
0.765
0.765
0.706
0.694
0.694
0.694
0.694
0.694
0.694
0.766
0.766
0.766
0.801
0.773
0.733
0.733
0.719
2.662
2.69
2.69
2.69
2.655
2.655
2.655
2.655
2.695
2.655
2.715
2.807
2.807
2.842
2.995
3.015
3.006
3.006
3.006
2.986
3.046
1.063
1.072
1.172
1.072
1.112
1.112
1.012
1.012
1.072
0.972
0.983
0.983
0.983
0.983
0.983
0.779
0.779
0.779
0.779
0.779
0.779
0.779
0.779
0.779
0.779
0.779
0.779
0.779
0.679
0.679
0.679
0.779
0.779
0.744
0.744
0.744
0.744
0.744
0.744
0.844
0.725
0.785
0.785
0.685
0.685
0.685
0.782
0.782
0.782
0.822
0.822
0.822
0.822
0.794
0.794
0.834
0.622
0.622
0.634
0.709
0.809
0.809
0.809
1.081
0.981
0.769
0.612
0.612
0.64
0.69
0.7
0.7
0.72
0.7
0.64
0.525
0.702
0.702
0.574
0.574
0.565
0.525
0.525
0.514
0.574
0.778
0.878
0.818
0.818
1.035
1.13
0.953
0.953
0.953
0.953
0.953
0.913
0.803
0.743
0.718
0.718
0.718
0.895
0.895
1.173
1.184
1.184
0.98
0.98
0.453
0.453
0.453
0.413
0.393
0.55
0.55
0.55
0.55
0.677
0.797
0.757
0.797
0.837
0.737
0.797
0.797
0.797
0.797
0.777
0.765
0.765
0.765
0.884
0.884
0.787
0.787
0.847
0.847
0.907
0.847
0.956
0.928
0.928
0.919
0.919
0.919
0.919
0.819
0.819
0.819
0.759
0.759
0.759
0.759
0.759
0.954
0.914
0.874
0.788
0.88
0.98
0.98
1.04
1.08
1.08
1.14
1.14
1.14
1.21
1.21
1.21
