0.049
0.049
0.049
0.049
0.049
0.049
0.049
0.049
0.049
0.049
0.049
0.049
0.049
0.049
0.049
0.049
0.049
0.049
0.049
0.049
0.049
0.049
0.049
0.049
0.049
0.049
0.049
0.049
0.049
0.049
0.049
0.049
0.049
0.049
0.049
0.049
0.162
0.162
0.162
0.162
0.162
0.162
0.162
0.162
0.162
0.162
0.162
0.162
0.162
0.162
0.162
0.162
0.162
0.162
0.049
0.049
0.049
0.049
0.049
0.049
0.049
0.049
0.049
0.049
0.049
0.049
0.049
0.049
0.049
0.049
0.049
0.239
0.239
0.239
0.239
0.239
0.239
0.239
0.239
0.239
0.239
0.239
0.239
0.239
0.239
0.049
0.049
0.049
0.049
0.049
0.049
0.049
0.049
0.049
0.049
0.049
0.049
0.049
0.049
0.049
0.049
0.049
0.049
0.049
0.049
0.049
0.049
0.049
0.049
0.049
0.049
0.049
0.049
0.162
0.162
0.162
0.162
0.162
0.162
0.162
0.162
0.162
0.162
0.162
0.162
0.162
0.162
0.162
0.162
0.162
0.162
0.049
0.049
0.049
0.049
0.049
0.049
0.049
0.049
0.049
0.049
0.239
0.239
0.239
0.239
0.239
0.239
0.239
0.239
0.239
0.239
0.239
0.398
0.398
0.398
0.208
0.208
0.208
0.208
0.208
0.208
0.208
0.208
0.208
0.208
0.208
0.208
0.208
0.208
0.208
0.208
0.208
0.162
0.162
0.162
0.162
0.162
0.162
0.162
0.162
0.162
0.162
0.162
0.162
0.162
0.162
0.162
0.162
0.162
0.162
0.049
0.049
0.049
0.049
0.049
0.049
0.049
0.049
0.049
0.049
0.049
0.049
0.049
0.049
0.049
0.049
0.049
0.049
0.049
0.049
0.049
0.049
0.049
0.239
0.239
0.239
0.239
0.239
0.239
0.239
0.239
0.239
0.239
0.239
0.239
0.239
0.239
0.049
0.049
0.049
0.049
0.049
0.049
0.049
0.049
0.049
0.049
0.049
0.049
0.049
0.049
0.049
0.049
0.049
0.049
0.049
0.049
0.049
0.049
0.049
0.049
0.049
0.049
0.049
0.049
0.049
0.049
0.049
0.049
0.049
0.162
0.162
0.162
0.162
0.162
0.162
0.162
0.162
0.321
0.321
0.321
0.321
0.321
0.321
0.321
0.321
0.321
0.321
0.208
0.208
0.208
0.208
0.208
0.208
0.208
0.208
0.208
0.208
0.049
0.049
0.049
0.049
0.049
0.049
0.049
0.049
0.049
0.049
0.049
0.049
0.049
0.239
0.239
0.239
0.239
0.239
0.239
0.239
0.239
0.239
0.239
0.239
0.239
0.239
0.239
0.049
0.049
0.049
0.049
0.049
0.049
0.049
0.049
0.049
0.049
0.049
0.049
0.049
0.049
0.208
0.208
0.208
0.208
0.208
0.321
0.321
0.321
0.321
0.321
0.321
0.321
0.321
0.321
0.321
0.321
0.321
0.321
0.321
0.321
0.162
0.162
0.162
0.049
0.049
0.049
0.049
0.049
0.049
0.049
0.049
0.049
0.049
0.049
0.049
0.049
0.049
0.049
0.049
0.049
0.049
0.049
0.049
0.049
0.049
0.049
0.049
0.049
0.049
0.049
0.049
0.049
0.049
0.049
0.049
0.049
0.049
0.049
0.049
0.049
0.049
0.049
0.239
0.239
0.239
0.239
0.239
0.239
0.239
0.239
0.239
0.239
0.239
0.239
0.239
0.239
0.049
0.049
0.049
0.049
0.049
0.162
0.162
0.162
0.162
0.162
0.162
0.162
0.162
0.162
0.162
0.162
0.162
0.162
0.162
0.162
0.162
0.162
0.162
0.049
0.049
0.049
0.049
0.208
0.368
0.368
0.368
0.368
0.368
0.368
0.368
0.368
0.368
0.368
0.368
0.368
0.368
0.268
0.268
0.268
0.268
0.268
0.268
0.109
0.109
0.109
0.109
0.109
0.109
0.109
0.109
0.109
0.109
0.109
0.109
0.109
0.109
0.109
0.049
0.049
0.049
0.049
0.049
0.049
0.049
0.049
0.049
0.239
0.239
0.239
0.239
0.239
0.239
0.239
0.239
0.239
0.252
0.252
0.365
0.365
0.365
0.175
0.175
0.175
0.175
0.334
0.334
0.334
0.334
0.334
0.334
0.321
0.321
0.321
0.321
0.321
0.208
0.208
0.208
0.208
0.208
0.208
0.208
0.208
0.208
0.049
0.049
0.049
0.049
0.049
0.049
0.049
0.049
0.049
0.049
0.049
0.049
0.049
0.049
0.049
0.049
0.049
0.049
0.049
0.049
0.049
0.049
0.049
0.049
0.049
0.049
0.049
0.049
0.049
0.049
0.049
0.049
0.239
0.239
0.239
0.239
0.239
0.239
0.239
0.239
0.239
0.398
0.398
0.398
0.398
0.398
0.208
0.208
0.208
0.208
0.208
0.321
0.321
0.321
0.321
0.321
0.321
0.321
0.321
0.321
0.321
0.162
0.162
0.162
0.162
0.162
0.162
0.162
0.162
0.049
0.049
0.049
0.049
0.049
0.049
0.049
0.049
0.049
0.049
0.049
0.049
0.049
0.049
0.049
0.049
0.049
0.049
0.049
0.049
0.049
0.049
0.049
0.049
0.049
0.049
0.049
0.049
0.049
0.049
0.049
0.049
0.208
0.208
0.208
0.208
0.208
0.208
0.208
0.398
0.398
0.398
0.398
0.398
0.398
0.398
0.398
0.398
0.398
0.398
0.398
0.398
0.239
0.049
0.049
0.049
0.049
0.049
0.049
0.049
0.162
0.162
0.162
0.162
0.162
0.162
0.162
0.162
0.162
0.162
0.162
0.162
0.162
0.162
0.162
0.162
0.162
0.162
0.049
0.049
0.049
0.049
0.049
0.049
0.049
0.049
0.049
0.049
0.049
0.049
0.049
0.049
0.049
0.049
0.049
0.049
0.049
0.049
0.049
0.049
0.049
0.049
0.049
0.049
0.049
0.049
0.049
0.049
0.049
0.049
0.208
0.208
0.208
0.208
0.208
0.208
0.208
0.208
0.208
0.208
0.208
0.208
0.208
0.208
0.208
0.208
0.208
0.208
0.321
0.321
0.162
0.162
0.162
0.162
0.162
0.162
0.352
0.352
0.352
0.352
0.352
0.352
0.352
0.352
0.352
0.352
0.239
0.239
0.239
0.239
0.049
0.049
0.049
0.049
0.049
0.049
0.049
0.049
0.049
0.049
0.049
0.049
0.049
0.049
0.049
0.049
0.049
0.049
0.049
0.049
0.049
0.049
0.049
0.049
0.049
0.049
0.049
0.062
0.098
0.098
0.098
0.098
0.454
0.454
0.454
0.454
0.217
0.257
0.257
0.257
0.257
0.257
0.317
0.317
0.317
0.317
0.317
0.357
0.357
0.357
0.357
0.357
0.357
0.357
0.357
0.357
0.357
0.198
0.198
0.198
0.198
0.198
0.198
0.388
0.388
0.388
0.388
0.501
0.501
0.501
0.501
0.501
0.448
0.448
0.459
0.459
0.399
0.162
0.162
0.162
0.162
0.162
0.162
0.162
0.162
0.049
0.049
0.049
0.049
0.049
0.049
0.049
0.049
0.049
0.049
0.049
0.049
0.049
0.049
0.049
0.049
0.049
0.049
0.049
0.049
0.049
0.049
0.049
0.049
0.049
0.049
0.049
0.049
0.049
0.049
0.049
0.049
0.049
0.049
0.049
0.049
0.049
0.049
0.049
0.049
0.049
0.049
0.049
0.049
0.049
0.321
0.321
0.321
0.321
0.321
0.321
0.321
0.321
0.321
0.321
0.321
0.321
0.321
0.321
0.321
0.321
0.321
0.321
0.208
0.208
0.049
0.049
0.049
0.049
0.049
0.049
0.049
0.049
0.049
0.049
0.049
0.049
0.049
0.049
0.049
0.239
0.239
0.239
0.239
0.239
0.239
0.239
0.239
0.239
0.239
0.239
0.239
0.239
0.239
0.049
0.049
0.049
0.049
0.049
0.049
0.049
0.049
0.049
0.049
0.049
0.049
0.049
0.049
0.049
0.049
0.049
0.049
0.049
0.049
0.049
0.049
0.049
0.049
0.049
0.049
0.049
0.049
0.049
0.049
0.049
0.049
0.049
0.049
0.049
0.049
0.049
0.049
0.049
0.049
0.049
0.049
0.049
0.049
0.049
0.049
0.049
0.049
0.049
0.049
0.049
0.049
0.049
0.049
0.049
0.049
0.049
0.049
0.049
0.049
0.049
0.049
0.049
0.049
0.239
0.239
0.239
0.239
0.398
0.398
0.511
0.511
0.511
0.511
0.511
0.511
0.511
0.511
0.321
0.321
0.321
0.321
0.321
0.321
0.321
0.321
0.321
0.321
0.049
0.049
0.049
0.049
0.049
0.049
0.049
0.049
0.049
0.049
0.049
0.049
0.049
0.049
0.049
0.049
0.049
0.049
0.049
0.049
0.049
0.049
0.049
0.049
0.049
0.049
0.049
0.049
0.049
0.049
0.096
0.096
0.215
0.215
0.215
0.215
0.215
0.215
0.215
0.215
0.215
0.215
0.215
0.215
0.328
0.328
0.328
0.518
0.518
0.518
0.677
0.677
0.677
0.677
0.799
0.799
0.799
0.799
0.799
0.859
0.859
0.669
0.556
0.556
0.556
0.556
0.556
0.556
0.556
0.556
0.397
0.397
0.397
0.397
0.397
0.397
0.397
0.397
0.397
0.397
0.397
0.397
0.397
0.397
0.397
0.397
0.397
0.397
0.397
0.397
0.397
0.753
0.753
0.753
0.766
0.41
0.41
0.41
0.41
0.41
0.399
0.399
0.399
0.399
0.399
0.399
0.399
0.399
0.399
0.399
0.399
0.459
0.459
0.399
0.399
0.399
0.399
0.399
0.41
0.41
0.41
0.45
0.45
0.609
0.569
0.569
0.569
0.569
0.569
0.569
0.569
0.569
0.569
0.669
0.669
0.669
0.669
0.669
0.669
0.609
0.609
0.609
0.609
0.45
0.486
0.486
0.486
0.486
2.469
2.469
2.659
2.659
2.659
2.659
2.646
2.646
2.546
2.546
2.546
2.546
2.546
2.546
2.546
2.659
2.469
2.469
2.469
2.469
2.469
2.469
2.469
2.469
2.469
2.469
2.469
0.486
2.469
2.469
2.469
2.35
2.39
2.277
2.277
2.277
2.277
2.277
2.277
2.277
2.277
2.277
2.277
2.226
2.226
2.226
2.226
2.226
2.226
2.226
2.226
2.226
2.226
2.226
2.226
0.243
0.283
0.283
0.283
0.383
0.562
0.462
0.562
0.562
0.562
0.622
0.562
0.562
0.462
0.426
0.426
0.426
0.366
0.366
0.377
0.437
0.437
0.437
0.437
0.437
0.437
0.437
0.627
0.627
0.727
0.886
0.886
0.886
0.886
0.886
0.886
0.886
0.798
0.798
0.798
0.798
0.596
0.596
0.596
0.536
2.579
2.579
2.639
2.995
2.995
2.848
2.669
2.413
2.413
2.413
2.339
2.327
2.327
2.341
2.341
2.341
2.341
2.401
2.454
2.454
2.454
2.454
2.454
2.454
2.414
2.414
2.414
0.496
0.615
0.615
0.615
0.615
0.615
0.615
0.615
0.675
0.562
0.562
0.562
0.562
0.562
0.562
0.562
0.562
0.562
0.598
0.638
0.627
0.567
0.727
0.627
0.727
0.727
0.827
0.827
0.827
1.017
1.017
1.017
1.017
1.017
1.017
1.017
1.017
0.857
0.868
0.868
0.868
0.868
0.881
0.691
0.691
0.691
0.691
0.691
0.691
0.691
0.691
0.691
0.691
0.796
0.796
0.796
0.796
0.822
0.796
0.856
0.856
0.751
0.763
0.876
0.876
0.697
0.757
0.757
0.757
0.757
0.757
0.757
0.757
0.757
0.757
0.692
0.692
0.692
0.792
0.634
0.634
0.521
0.461
0.521
0.621
0.049
0.049
0.049
0.049
0.049
0.049
0.049
0.049
0.049
0.049
0.049
0.049
0.049
0.049
0.049
0.049
0.049
0.049
0.049
0.049
0.049
0.049
0.049
0.049
0.049
0.049
0.049
0.049
0.049
0.049
0.049
0.239
0.239
0.239
0.239
0.239
0.239
0.398
0.511
0.511
0.511
0.511
0.511
0.511
0.511
0.321
0.321
0.321
0.321
0.321
0.321
0.321
0.321
0.321
0.321
0.321
0.208
0.049
0.049
0.049
0.049
0.049
0.049
0.049
0.049
0.049
0.049
0.049
0.049
0.049
0.049
0.049
0.049
0.049
0.049
0.049
0.049
0.049
0.049
0.049
