0.053
0.053
0.053
0.053
0.053
0.053
0.053
0.053
0.053
0.053
0.053
0.053
0.053
0.053
0.053
0.053
0.053
0.053
0.053
0.053
0.053
0.053
0.053
0.053
0.053
0.053
0.053
0.053
0.053
0.053
0.053
0.053
0.053
0.239
0.239
0.239
0.239
0.239
0.239
0.239
0.239
0.239
0.239
0.239
0.239
0.239
0.239
0.053
0.053
0.053
0.053
0.053
0.053
0.053
0.053
0.053
0.053
0.053
0.053
0.053
0.053
0.053
0.256
0.256
0.256
0.256
0.256
0.256
0.43
0.43
0.43
0.43
0.43
0.43
0.43
0.43
0.43
0.43
0.43
0.43
0.43
0.43
0.43
0.43
0.227
0.227
0.227
0.227
0.053
0.053
0.053
0.053
0.053
0.053
0.053
0.053
0.053
0.053
0.053
0.053
0.053
0.053
0.053
0.053
0.053
0.053
0.053
0.053
0.053
0.053
0.053
0.053
0.053
0.053
0.053
0.053
0.053
0.053
0.053
0.053
0.053
0.239
0.239
0.239
0.239
0.239
0.239
0.239
0.239
0.239
0.239
0.239
0.239
0.239
0.239
0.053
0.053
0.053
0.053
0.053
0.256
0.256
0.256
0.256
0.256
0.256
0.256
0.256
0.256
0.256
0.256
0.256
0.43
0.43
0.43
0.43
0.43
0.43
0.43
0.43
0.43
0.43
0.227
0.227
0.227
0.227
0.227
0.227
0.227
0.227
0.227
0.227
0.053
0.053
0.053
0.053
0.053
0.053
0.053
0.053
0.053
0.053
0.053
0.053
0.053
0.053
0.053
0.053
0.053
0.053
0.053
0.053
0.053
0.053
0.053
0.239
0.239
0.239
0.239
0.239
0.239
0.239
0.239
0.239
0.239
0.239
0.239
0.239
0.239
0.053
0.053
0.053
0.053
0.053
0.053
0.053
0.053
0.053
0.053
0.053
0.053
0.053
0.053
0.053
0.053
0.053
0.053
0.053
0.053
0.053
0.053
0.053
0.053
0.053
0.053
0.053
0.053
0.053
0.053
0.053
0.053
0.053
0.053
0.053
0.053
0.053
0.053
0.256
0.256
0.256
0.256
0.256
0.256
0.256
0.256
0.256
0.256
0.256
0.256
0.256
0.256
0.256
0.256
0.256
0.43
0.43
0.43
0.43
0.43
0.227
0.227
0.227
0.227
0.413
0.413
0.413
0.413
0.413
0.413
0.413
0.413
0.413
0.413
0.413
0.239
0.239
0.239
0.053
0.053
0.053
0.053
0.053
0.053
0.053
0.053
0.053
0.053
0.053
0.053
0.053
0.053
0.053
0.053
0.053
0.053
0.053
0.053
0.053
0.053
0.053
0.053
0.053
0.053
0.053
0.053
0.053
0.053
0.053
0.053
0.053
0.256
0.256
0.256
0.256
0.256
0.256
0.256
0.256
0.43
0.43
0.43
0.43
0.43
0.43
0.43
0.43
0.43
0.43
0.43
0.43
0.43
0.43
0.227
0.227
0.227
0.227
0.227
0.227
0.053
0.053
0.053
0.053
0.053
0.053
0.053
0.053
0.053
0.053
0.053
0.239
0.239
0.239
0.239
0.239
0.239
0.239
0.239
0.239
0.239
0.239
0.239
0.239
0.239
0.053
0.053
0.053
0.053
0.053
0.053
0.053
0.053
0.053
0.053
0.053
0.053
0.053
0.053
0.053
0.053
0.053
0.053
0.053
0.053
0.053
0.053
0.053
0.053
0.256
0.256
0.256
0.256
0.256
0.256
0.256
0.256
0.256
0.256
0.256
0.256
0.256
0.256
0.256
0.256
0.256
0.256
0.256
0.256
0.256
0.43
0.227
0.227
0.227
0.227
0.227
0.227
0.227
0.227
0.227
0.227
0.227
0.227
0.413
0.413
0.413
0.413
0.413
0.413
0.413
0.239
0.239
0.239
0.239
0.239
0.239
0.239
0.053
0.053
0.053
0.053
0.053
0.053
0.053
0.053
0.053
0.053
0.053
0.053
0.053
0.053
0.053
0.053
0.053
0.053
0.053
0.053
0.053
0.053
0.053
0.053
0.053
0.053
0.053
0.053
0.053
0.053
0.053
0.053
0.053
0.053
0.053
0.053
0.053
0.341
0.256
0.256
0.256
0.316
0.316
0.316
0.416
0.416
0.416
0.451
0.416
0.356
0.356
0.356
0.356
0.356
0.356
0.356
0.356
0.542
0.542
0.489
0.489
0.489
0.489
0.574
0.574
0.474
0.648
0.648
0.648
0.688
0.688
0.502
0.502
0.502
0.502
0.502
0.352
0.352
0.352
0.352
0.352
0.352
0.352
0.352
0.352
0.352
0.178
0.178
0.178
0.173
0.173
0.173
0.173
0.173
0.173
0.173
0.173
0.213
0.393
0.393
0.393
0.393
0.393
0.393
0.393
0.393
0.393
0.393
0.393
0.453
0.453
0.453
0.453
0.453
0.453
0.453
0.453
0.453
0.453
0.453
0.453
0.453
0.453
0.453
0.513
0.613
0.553
0.553
0.553
0.553
0.553
0.528
0.528
0.528
0.528
0.528
0.528
0.6
0.56
0.803
0.803
0.803
0.803
0.803
0.803
2.912
2.912
2.912
2.912
2.912
2.912
2.912
2.912
2.872
2.872
3.046
3.046
3.046
3.046
2.92
2.92
2.717
2.657
2.657
2.657
2.657
0.674
0.674
0.674
0.674
0.634
0.674
0.674
0.674
0.674
0.5
0.5
0.5
2.57
2.63
2.57
0.6
0.6
0.7
0.74
0.64
0.64
0.6
0.6
0.6
0.5
0.5
0.5
0.5
0.5
0.5
0.585
0.5
0.5
0.5
0.5
0.5
0.5
0.5
0.5
0.5
0.54
0.54
0.5
0.5
0.53
0.53
0.53
0.53
0.53
0.53
0.53
0.53
0.53
0.733
0.793
0.793
0.793
0.793
0.793
0.793
0.793
0.793
0.853
1.13
1.03
0.793
0.853
0.853
0.853
0.853
0.853
0.853
1.1
1.1
1.1
0.897
0.927
0.927
0.75
0.75
0.75
0.75
0.65
0.65
0.65
0.65
0.65
0.65
0.65
0.827
0.827
0.65
0.65
0.65
0.65
0.75
0.75
0.69
0.662
0.662
0.662
0.662
0.839
1.025
1.343
1.343
3.464
3.464
3.464
5.336
5.336
5.336
5.336
5.396
5.396
5.396
5.396
5.216
5.216
5.216
5.281
5.281
5.281
5.281
5.281
5.281
5.281
3.298
3.298
3.298
3.298
3.298
3.298
3.298
3.298
3.298
3.313
3.139
3.099
3.099
3.302
3.342
3.342
3.342
3.342
3.342
3.302
3.302
3.302
3.302
3.302
3.302
3.202
3.202
3.202
3.202
3.202
5.172
5.172
5.172
3.242
3.207
3.254
3.254
3.254
3.254
3.254
3.254
3.254
0.755
0.755
0.755
0.755
0.755
0.755
0.755
0.855
0.855
0.755
0.941
0.941
0.941
0.941
0.941
0.941
0.881
0.881
2.851
2.851
2.926
1.133
1.133
0.956
0.77
0.62
0.62
0.62
0.62
0.62
0.62
0.62
0.66
0.66
0.981
0.981
0.804
0.804
0.764
0.764
0.764
0.764
0.764
0.764
0.784
0.796
0.969
1.146
1.146
1.172
1.132
1.132
1.132
1.132
1.132
1.132
0.988
0.988
0.988
0.988
0.505
0.505
0.823
0.823
0.823
0.823
0.823
0.256
0.256
0.256
0.256
0.053
0.053
0.053
0.053
0.053
0.053
0.053
0.053
0.053
0.053
0.239
0.239
0.239
0.239
0.239
0.239
0.239
0.239
0.239
0.239
0.239
0.239
0.239
0.239
0.053
0.053
0.053
0.053
0.053
0.053
0.053
0.053
0.053
0.053
0.053
0.053
0.053
0.053
0.053
0.053
0.053
0.053
0.053
0.053
0.053
0.053
0.053
0.053
0.053
0.053
0.053
0.053
0.053
0.053
0.053
0.053
0.053
0.053
0.227
0.227
0.227
0.227
0.227
0.227
0.227
0.227
0.227
0.227
0.227
0.227
0.227
0.227
0.227
0.227
0.227
0.227
0.227
0.227
0.053
0.053
0.053
0.053
0.053
0.053
0.053
0.239
0.239
0.239
0.239
0.239
0.239
0.239
0.239
0.239
0.239
0.239
0.239
0.239
0.239
0.053
0.053
0.053
0.053
0.053
0.053
0.053
0.053
0.053
0.053
0.053
0.053
0.053
0.053
0.053
0.053
0.053
0.053
0.053
0.053
0.053
0.053
0.053
0.053
0.053
0.053
0.053
0.227
0.227
0.227
0.227
0.227
0.227
0.43
0.43
0.43
0.43
0.43
0.43
0.43
0.43
0.43
0.43
0.43
0.43
0.43
0.43
0.256
0.256
0.256
0.256
0.256
0.256
0.256
0.256
0.053
0.053
0.053
0.053
0.053
0.053
0.053
0.239
0.239
0.239
0.239
0.239
0.239
0.239
0.239
0.239
0.239
0.239
0.239
0.239
0.239
0.053
0.053
0.053
0.053
0.053
0.053
0.053
0.053
0.053
0.053
0.053
0.053
0.053
0.053
0.053
0.053
0.053
0.053
0.053
0.053
0.053
0.053
0.053
0.053
0.053
0.053
0.053
0.053
0.053
0.053
0.053
0.053
0.053
0.256
0.256
0.256
0.256
0.256
0.256
0.256
0.256
0.256
0.256
0.43
0.43
0.43
0.43
0.43
0.43
0.43
0.43
0.43
0.43
0.43
0.43
0.227
0.227
0.227
0.227
0.227
0.413
0.413
0.413
0.239
0.239
0.239
0.239
0.239
0.239
0.239
0.239
0.239
0.239
0.239
0.053
0.053
0.053
0.053
0.053
0.053
0.053
0.053
0.053
0.053
0.053
0.053
0.053
0.053
0.053
0.053
0.053
0.053
0.053
0.053
0.053
0.053
0.053
0.053
0.053
0.053
0.053
0.053
0.053
0.053
0.053
0.053
0.053
0.053
0.053
0.256
0.256
0.256
0.256
0.256
0.256
0.256
0.256
0.256
0.256
0.256
0.256
0.256
0.256
0.256
0.256
0.256
0.256
0.256
0.256
0.256
0.256
0.053
0.053
0.053
0.053
0.053
0.053
0.053
0.053
0.053
0.227
0.227
0.227
0.227
0.413
0.413
0.413
0.413
0.413
0.413
0.413
0.413
0.413
0.413
0.413
0.413
0.413
0.413
0.227
0.227
0.053
0.053
0.053
0.053
0.053
0.053
0.053
0.053
0.053
0.053
0.053
0.053
0.053
0.053
0.053
0.053
0.053
0.053
0.053
0.053
0.053
0.256
0.256
0.256
0.256
0.256
0.256
0.256
0.256
0.256
0.256
0.256
0.256
0.256
0.256
0.256
0.256
0.256
0.256
0.256
0.256
0.256
0.256
0.053
0.053
0.053
0.227
0.227
0.227
0.227
0.227
0.227
0.227
0.227
0.227
0.227
0.227
0.227
0.227
0.227
0.227
0.227
0.227
0.227
0.227
0.227
0.053
0.053
0.053
0.053
0.053
0.053
0.053
0.239
0.239
0.239
0.239
0.239
0.239
0.239
0.239
0.239
0.239
0.239
0.239
0.239
0.239
0.053
0.053
0.256
0.256
0.256
0.256
0.256
0.256
0.256
0.256
0.256
0.256
0.256
0.256
0.256
0.256
0.256
0.256
0.256
0.256
0.256
0.256
0.256
0.256
0.053
0.053
0.053
0.053
0.053
0.053
0.053
0.053
0.053
0.053
0.053
0.053
0.053
0.053
0.053
0.053
0.053
0.053
0.053
0.053
0.053
0.053
0.053
0.053
0.053
0.053
0.053
0.053
0.053
0.053
0.053
0.053
0.239
0.239
0.239
0.239
0.239
0.239
0.413
0.413
0.413
0.413
0.413
0.413
0.413
0.413
0.227
0.227
0.227
0.227
0.227
0.227
0.227
0.227
0.227
0.227
0.227
0.227
0.053
0.053
0.053
0.053
0.053
0.053
0.256
0.256
0.256
0.256
0.256
0.256
0.256
0.256
0.256
0.256
0.256
0.256
0.256
0.256
0.256
0.256
0.256
0.256
0.256
0.256
0.256
0.256
0.053
0.053
0.053
0.053
0.053
0.053
0.053
0.053
0.053
0.053
0.053
0.053
0.053
0.053
0.053
0.053
0.053
0.053
0.053
0.053
0.053
0.053
0.053
0.053
0.053
0.053
0.053
0.053
0.053
0.053
0.053
0.053
0.053
0.053
0.053
0.053
0.053
0.053
0.053
0.239
0.239
0.239
0.239
0.239
0.239
0.239
0.239
0.239
0.239
0.239
0.239
0.442
0.616
0.43
0.43
0.43
0.43
