0.052
0.052
0.052
0.052
0.052
0.052
0.052
0.052
0.052
0.052
0.052
0.052
0.052
0.052
0.052
0.052
0.052
0.052
0.052
0.052
0.052
0.052
0.052
0.052
0.052
0.052
0.052
0.052
0.052
0.052
0.052
0.052
0.052
0.052
0.052
0.052
0.052
0.052
0.052
0.052
0.052
0.052
0.052
0.265
0.265
0.265
0.265
0.265
0.265
0.265
0.265
0.265
0.265
0.265
0.265
0.265
0.265
0.052
0.052
0.052
0.052
0.052
0.052
0.052
0.052
0.052
0.052
0.052
0.052
0.168
0.168
0.168
0.168
0.168
0.168
0.168
0.168
0.168
0.168
0.168
0.168
0.168
0.168
0.168
0.168
0.168
0.168
0.052
0.052
0.052
0.052
0.052
0.052
0.052
0.052
0.052
0.052
0.052
0.052
0.052
0.052
0.052
0.052
0.052
0.052
0.184
0.184
0.184
0.184
0.184
0.184
0.184
0.184
0.184
0.184
0.184
0.184
0.184
0.184
0.184
0.184
0.184
0.397
0.397
0.397
0.265
0.265
0.265
0.265
0.265
0.265
0.265
0.265
0.265
0.265
0.265
0.052
0.052
0.052
0.052
0.052
0.052
0.052
0.052
0.052
0.052
0.052
0.052
0.052
0.052
0.052
0.052
0.052
0.052
0.052
0.052
0.052
0.052
0.052
0.052
0.052
0.052
0.052
0.168
0.168
0.168
0.168
0.3
0.3
0.3
0.3
0.3
0.3
0.3
0.3
0.3
0.3
0.3
0.3
0.3
0.3
0.184
0.184
0.184
0.184
0.184
0.184
0.052
0.052
0.052
0.052
0.052
0.052
0.052
0.052
0.052
0.052
0.052
0.052
0.052
0.052
0.052
0.052
0.052
0.052
0.052
0.052
0.052
0.052
0.052
0.052
0.052
0.052
0.052
0.052
0.052
0.052
0.052
0.052
0.052
0.052
0.052
0.052
0.052
0.052
0.052
0.052
0.052
0.052
0.184
0.184
0.184
0.184
0.3
0.3
0.3
0.3
0.3
0.3
0.3
0.3
0.3
0.3
0.3
0.3
0.3
0.3
0.3
0.513
0.381
0.381
0.265
0.265
0.265
0.265
0.265
0.265
0.265
0.265
0.265
0.265
0.265
0.052
0.052
0.052
0.052
0.052
0.052
0.052
0.052
0.052
0.052
0.052
0.052
0.052
0.052
0.052
0.052
0.052
0.052
0.052
0.052
0.052
0.052
0.052
0.052
0.052
0.052
0.052
0.052
0.052
0.052
0.052
0.052
0.052
0.052
0.052
0.052
0.052
0.052
0.052
0.052
0.052
0.052
0.052
0.052
0.052
0.052
0.052
0.052
0.052
0.052
0.052
0.052
0.052
0.052
0.052
0.052
0.052
0.052
0.052
0.052
0.052
0.052
0.052
0.052
0.052
0.265
0.265
0.265
0.265
0.265
0.265
0.265
0.265
0.265
0.265
0.265
0.265
0.265
0.265
0.184
0.3
0.3
0.3
0.3
0.3
0.3
0.3
0.3
0.3
0.3
0.3
0.3
0.3
0.3
0.3
0.3
0.3
0.3
0.184
0.052
0.052
0.052
0.052
0.052
0.052
0.052
0.052
0.052
0.052
0.052
0.052
0.052
0.052
0.052
0.052
0.052
0.052
0.052
0.052
0.052
0.052
0.052
0.052
0.052
0.052
0.052
0.052
0.052
0.052
0.052
0.052
0.052
0.052
0.052
0.052
0.052
0.052
0.052
0.265
0.265
0.265
0.265
0.265
0.265
0.265
0.265
0.397
0.397
0.397
0.397
0.397
0.397
0.184
0.3
0.3
0.3
0.3
0.3
0.3
0.3
0.3
0.3
0.35
0.477
0.477
0.477
0.345
0.345
0.345
0.218
0.218
0.202
0.202
0.202
0.202
0.202
0.202
0.202
0.202
0.202
0.202
0.202
0.202
0.152
0.152
0.152
0.152
0.152
0.152
0.152
0.152
0.152
0.152
0.152
0.152
0.152
0.152
0.152
0.152
0.152
0.152
0.192
0.192
0.192
0.152
0.152
0.152
0.202
0.216
0.216
0.216
0.216
0.276
0.276
0.276
0.392
0.392
0.392
0.786
0.786
0.786
0.786
0.472
0.644
0.644
0.644
0.644
0.767
0.767
0.767
0.767
0.767
0.767
0.651
0.651
0.551
0.551
0.551
0.551
0.551
0.691
0.478
0.478
0.346
0.346
0.346
0.346
0.346
0.346
0.346
0.346
0.346
0.346
0.326
0.326
0.336
0.336
0.408
0.408
0.408
0.408
0.408
0.408
0.408
0.368
0.368
0.368
0.368
0.354
0.342
0.342
0.342
0.282
0.282
0.282
0.232
0.232
0.252
0.052
0.052
0.052
0.052
0.052
0.052
0.052
0.052
0.052
0.052
0.052
0.052
0.052
0.052
0.052
0.052
0.052
0.052
0.052
0.052
0.052
0.052
0.052
0.052
0.052
0.052
0.052
0.052
0.052
0.265
0.265
0.265
0.265
0.265
0.265
0.265
0.265
0.265
0.265
0.265
0.265
0.265
0.265
0.052
0.052
0.052
0.052
0.052
0.052
0.052
0.052
0.052
0.052
0.052
0.052
0.052
0.052
0.052
0.052
0.052
0.052
0.052
0.052
0.184
0.184
0.184
0.184
0.184
0.184
0.184
0.184
0.184
0.184
0.184
0.184
0.184
0.184
0.184
0.184
0.184
0.184
0.184
0.184
0.052
0.052
0.052
0.052
0.052
0.052
0.052
0.052
0.052
0.052
0.052
0.052
0.052
0.052
0.052
0.052
0.052
0.052
0.052
0.052
0.052
0.265
0.265
0.265
0.265
0.265
0.265
0.265
0.265
0.265
0.265
0.265
0.265
0.265
0.265
0.052
0.052
0.052
0.052
0.052
0.052
0.052
0.052
0.052
0.052
0.052
0.052
0.052
0.052
0.168
0.168
0.168
0.168
0.168
0.168
0.168
0.168
0.168
0.168
0.168
0.168
0.168
0.168
0.168
0.168
0.168
0.168
0.052
0.052
0.052
0.052
0.052
0.052
0.052
0.052
0.052
0.052
0.052
0.052
0.052
0.052
0.052
0.052
0.052
0.052
0.052
0.052
0.052
0.052
0.052
0.052
0.052
0.052
0.052
0.052
0.052
0.052
0.052
0.052
0.052
0.052
0.052
0.052
0.052
0.052
0.052
0.052
0.052
0.052
0.052
0.052
0.052
0.052
0.052
0.184
0.184
0.184
0.184
0.184
0.184
0.184
0.184
0.184
0.184
0.184
0.3
0.3
0.44
0.44
0.44
0.753
0.753
0.653
0.653
0.521
0.533
0.533
0.533
0.533
0.533
0.533
0.593
0.653
0.537
0.324
0.324
0.324
0.324
0.324
0.324
0.324
0.404
0.404
0.364
0.477
0.477
0.477
0.477
0.477
0.477
0.477
0.527
0.527
0.527
0.527
0.627
0.627
0.527
0.507
0.507
0.507
0.507
0.507
0.457
0.457
0.457
0.457
0.457
0.457
0.517
0.517
0.577
0.577
0.577
0.577
0.577
0.577
0.677
0.927
0.927
0.927
0.927
0.936
0.936
0.936
0.936
1.052
0.168
0.168
0.3
0.3
0.3
0.3
0.513
0.513
0.513
0.513
0.513
0.513
0.513
0.513
0.513
0.513
0.513
0.397
0.397
0.397
0.184
0.184
0.052
0.052
0.052
0.052
0.052
0.052
0.052
0.052
0.052
0.052
0.052
0.052
0.052
0.052
0.052
0.052
0.052
0.052
0.385
0.385
0.385
0.385
0.385
0.385
0.385
0.385
0.445
0.385
0.385
0.385
0.385
0.385
0.305
0.405
0.405
0.405
0.405
0.405
0.405
0.521
0.421
0.421
0.421
0.421
0.421
0.421
0.421
0.421
0.421
0.553
0.553
0.553
0.562
0.562
0.562
0.562
0.562
0.446
0.446
0.446
0.446
0.446
0.446
0.446
0.446
0.673
0.673
0.673
0.673
0.541
0.541
0.541
0.541
0.581
0.641
0.541
0.541
0.541
0.626
0.626
0.954
0.908
0.908
0.908
0.958
0.958
0.958
0.958
0.958
0.958
0.958
0.958
0.958
0.958
0.861
0.861
0.861
0.861
0.861
0.861
0.861
0.794
0.794
0.794
0.794
0.794
0.794
0.794
0.794
0.794
0.794
0.794
0.678
0.678
0.678
0.565
0.565
0.565
0.565
0.565
0.565
0.565
0.565
0.565
0.565
0.565
0.565
0.415
0.406
0.486
0.486
0.486
0.618
0.618
0.651
0.651
0.771
0.801
0.801
0.701
0.701
0.687
0.687
0.747
0.747
0.747
0.747
0.747
0.747
0.707
0.657
0.657
0.525
0.51
0.723
0.723
0.723
0.723
0.723
0.723
0.723
0.723
0.723
0.663
0.779
0.779
0.819
0.919
0.666
0.666
0.666
0.666
0.706
0.706
0.706
0.686
0.586
0.598
0.598
0.598
0.598
0.598
0.482
0.482
0.482
0.482
0.482
0.57
0.62
1.552
1.552
1.552
0.57
0.57
0.57
0.579
0.629
0.629
0.629
0.629
0.629
0.629
0.629
0.629
0.629
0.579
0.579
0.546
0.546
0.546
0.406
0.406
0.406
0.406
0.406
0.406
0.406
0.506
0.506
0.506
0.506
0.506
0.506
0.506
0.506
0.506
0.619
0.619
0.751
0.751
0.751
0.751
0.651
0.767
0.767
0.787
0.914
0.914
0.914
0.914
0.701
0.701
0.701
0.701
0.701
0.701
0.701
0.701
0.569
0.569
0.569
0.453
0.453
0.453
0.413
0.413
0.404
0.404
0.404
0.404
0.404
0.404
0.404
0.404
0.404
0.404
0.404
0.404
0.404
0.404
0.404
0.404
0.404
0.404
0.404
0.404
0.404
0.404
0.404
0.454
0.454
0.494
0.529
0.509
0.509
0.509
0.509
0.509
0.459
0.479
0.459
0.479
1.543
1.543
1.555
0.623
0.663
0.583
0.663
0.663
0.663
0.663
0.816
0.816
0.816
0.849
0.849
0.849
0.989
0.989
1.089
1.089
0.957
0.957
0.957
0.957
0.704
0.704
0.692
0.808
0.808
0.723
0.723
0.703
0.703
0.703
0.703
0.703
0.703
0.703
0.703
0.703
0.703
0.703
0.703
0.703
0.703
0.901
0.901
0.901
0.915
0.573
0.582
0.642
0.633
0.561
0.561
0.661
0.661
0.561
0.561
0.561
0.561
0.561
0.561
0.606
0.606
0.546
0.546
0.546
0.546
0.546
0.546
0.546
0.546
0.546
0.546
0.546
0.546
0.546
0.586
0.586
0.799
0.799
0.759
0.759
0.759
0.759
0.726
0.726
0.768
0.768
0.768
0.768
0.768
0.768
0.555
0.555
0.555
0.555
0.555
0.555
0.546
0.586
0.686
0.686
0.686
1
1
1
0.986
0.672
0.788
0.848
0.848
0.748
0.757
0.757
0.757
0.757
0.757
0.757
0.757
0.717
0.717
0.717
0.717
0.717
0.717
0.717
0.701
0.701
0.692
0.692
0.692
0.692
0.692
0.692
0.632
0.632
0.632
0.632
0.632
0.632
0.632
0.745
0.645
0.645
0.645
0.645
0.545
0.545
0.585
0.585
0.585
0.585
0.585
0.717
0.717
0.717
0.717
0.729
0.677
0.644
0.704
0.704
0.92
0.92
1.133
1.233
1.133
1.073
1.073
1.073
1.073
1.073
1.113
0.941
0.901
0.901
0.901
0.901
0.721
0.721
0.605
0.605
0.605
0.505
0.505
0.505
0.505
0.514
0.514
0.614
0.614
0.614
0.614
0.614
0.614
0.614
0.614
0.674
0.674
0.734
0.734
0.734
0.749
0.689
0.689
0.689
0.789
0.789
0.789
0.689
0.689
0.689
0.689
0.689
0.689
0.689
0.689
0.689
0.689
0.689
0.689
0.821
0.937
0.937
0.937
0.937
0.917
0.917
0.917
0.917
0.917
0.917
0.917
0.917
0.917
1.13
1.121
1.13
1.13
1.13
1.014
0.882
0.882
0.882
0.862
0.853
0.853
0.862
0.862
0.522
0.522
0.489
0.489
0.489
0.052
0.052
0.052
0.052
0.052
0.052
0.052
0.052
0.052
0.052
0.052
0.052
0.052
0.052
0.052
0.052
0.052
0.052
0.052
0.052
0.052
0.052
0.168
0.168
0.168
0.168
0.168
0.3
0.3
0.3
0.3
0.3
0.3
0.3
0.3
0.3
0.3
0.3
0.3
0.3
0.184
0.184
0.184
0.184
0.184
0.184
0.184
0.052
0.052
0.052
