0.052
0.112
0.112
0.052
0.052
0.052
0.052
0.092
0.092
0.092
0.052
0.052
0.052
0.052
0.052
0.052
0.052
0.052
0.052
0.052
0.052
0.052
0.052
0.052
0.052
0.052
0.052
0.052
0.052
0.052
0.052
0.052
0.052
0.052
0.052
0.052
0.052
0.052
0.052
0.052
0.052
0.052
0.052
0.052
0.052
0.052
0.052
0.052
0.052
0.052
0.052
0.052
0.052
0.052
0.052
0.052
0.052
0.052
0.052
0.32
0.32
0.32
0.32
0.32
0.32
0.32
0.32
0.32
0.32
0.32
0.32
0.32
0.32
0.32
0.32
0.32
0.32
0.206
0.206
0.052
0.052
0.052
0.052
0.052
0.052
0.052
0.052
0.052
0.052
0.052
0.052
0.052
0.052
0.052
0.052
0.052
0.052
0.052
0.052
0.052
0.052
0.052
0.052
0.052
0.052
0.052
0.052
0.052
0.052
0.052
0.052
0.052
0.052
0.052
0.052
0.052
0.052
0.052
0.237
0.237
0.237
0.237
0.237
0.237
0.237
0.237
0.237
0.237
0.237
0.237
0.237
0.237
0.052
0.052
0.052
0.052
0.052
0.052
0.052
0.052
0.052
0.052
0.052
0.052
0.052
0.052
0.052
0.052
0.052
0.052
0.052
0.052
0.052
0.052
0.052
0.052
0.052
0.052
0.052
0.052
0.052
0.052
0.052
0.052
0.052
0.052
0.052
0.052
0.052
0.206
0.206
0.206
0.206
0.206
0.206
0.206
0.206
0.206
0.206
0.206
0.206
0.206
0.206
0.206
0.206
0.32
0.32
0.32
0.32
0.166
0.166
0.351
0.351
0.351
0.351
0.351
0.351
0.351
0.351
0.351
0.351
0.351
0.351
0.237
0.237
0.052
0.052
0.052
0.052
0.052
0.052
0.052
0.052
0.052
0.052
0.052
0.052
0.052
0.052
0.052
0.052
0.052
0.052
0.052
0.052
0.052
0.052
0.052
0.052
0.052
0.052
0.052
0.052
0.052
0.052
0.052
0.052
0.052
0.206
0.206
0.206
0.206
0.206
0.206
0.206
0.32
0.32
0.32
0.32
0.32
0.32
0.32
0.32
0.32
0.32
0.32
0.32
0.32
0.166
0.166
0.166
0.166
0.166
0.052
0.052
0.052
0.052
0.052
0.052
0.052
0.052
0.052
0.052
0.052
0.052
0.052
0.052
0.052
0.052
0.052
0.237
0.237
0.237
0.237
0.237
0.237
0.237
0.237
0.237
0.237
0.237
0.237
0.237
0.237
0.052
0.052
0.052
0.052
0.052
0.052
0.052
0.052
0.052
0.052
0.052
0.052
0.052
0.052
0.052
0.052
0.052
0.052
0.052
0.052
0.052
0.052
0.052
0.052
0.052
0.052
0.052
0.052
0.052
0.052
0.052
0.052
0.052
0.052
0.052
0.052
0.052
0.166
0.166
0.32
0.32
0.32
0.32
0.32
0.32
0.32
0.32
0.32
0.32
0.32
0.32
0.32
0.32
0.32
0.32
0.206
0.206
0.206
0.206
0.052
0.052
0.052
0.052
0.052
0.052
0.052
0.052
0.052
0.112
0.112
0.112
0.052
0.052
0.112
0.112
0.112
0.052
0.052
0.052
0.052
0.052
0.052
0.052
0.052
0.052
0.052
0.052
0.052
0.052
0.052
0.237
0.237
0.237
0.237
0.237
0.237
0.237
0.237
0.237
0.237
0.237
0.237
0.237
0.237
0.052
0.052
0.052
0.052
0.052
0.052
0.052
0.052
0.052
0.052
0.052
0.052
0.052
0.052
0.052
0.052
0.206
0.206
0.206
0.206
0.206
0.206
0.206
0.206
0.206
0.206
0.206
0.206
0.206
0.206
0.206
0.206
0.206
0.206
0.206
0.206
0.052
0.052
0.052
0.052
0.052
0.052
0.112
0.112
0.112
0.112
0.314
0.314
2.293
2.293
2.293
2.293
2.293
2.407
2.407
2.467
2.467
2.652
2.652
2.652
2.652
2.687
2.687
2.727
2.727
2.787
2.887
2.887
2.787
2.787
2.787
2.488
2.488
2.453
2.453
2.453
2.453
2.453
2.453
2.513
2.513
2.527
2.527
2.681
2.681
2.681
2.681
2.681
2.681
2.621
2.621
2.621
2.621
2.621
2.621
2.621
2.621
2.621
2.621
2.621
2.621
2.621
2.621
2.467
2.467
2.467
2.467
2.467
0.428
0.428
0.428
0.428
0.428
0.428
0.428
0.428
0.428
0.428
0.428
0.428
0.428
0.428
0.428
0.428
0.428
0.428
0.428
0.428
0.488
0.488
0.488
0.428
0.428
0.428
0.428
0.428
0.613
0.613
0.613
0.553
0.553
0.539
0.539
0.539
0.539
0.499
0.499
0.499
0.499
0.439
0.254
0.354
0.354
0.354
0.354
0.354
0.508
0.508
0.508
0.508
0.508
0.508
0.508
0.508
0.508
0.508
0.508
0.508
0.508
0.508
0.508
0.508
0.508
0.508
0.508
0.508
0.354
0.528
2.293
2.233
2.233
2.233
2.233
2.173
2.173
2.173
2.273
2.273
2.273
2.273
4.312
4.312
4.312
4.312
4.312
4.138
4.138
4.138
2.433
2.433
2.433
2.433
2.433
2.433
2.333
2.333
2.373
2.373
2.373
2.373
2.433
2.553
2.553
2.493
2.493
2.433
2.333
2.487
2.487
2.487
2.487
2.487
2.245
2.245
2.245
2.245
2.245
2.245
2.245
2.245
2.245
2.245
2.245
2.245
2.245
2.245
2.245
2.091
2.091
2.091
2.091
2.091
2.091
2.091
2.091
2.091
2.091
2.091
2.091
2.091
0.237
0.237
0.237
0.237
0.237
0.237
0.237
0.237
0.237
0.237
0.237
0.237
0.351
0.351
0.166
0.166
0.166
0.166
0.166
0.166
0.166
0.166
0.308
0.308
0.348
0.348
0.348
0.413
0.413
0.348
0.234
0.234
0.388
0.388
0.388
0.388
0.388
0.448
0.448
0.448
0.448
0.448
0.448
0.448
0.448
0.448
0.448
0.448
0.448
0.448
0.448
0.448
0.444
0.444
0.294
0.294
0.294
0.294
0.294
0.294
0.294
0.294
0.354
0.394
0.394
0.394
0.394
0.394
0.459
0.459
0.394
0.394
0.394
0.394
0.454
0.454
0.454
0.454
0.454
0.454
0.454
0.504
0.504
0.444
0.444
0.444
0.444
0.589
0.589
0.763
0.603
0.603
0.553
0.553
0.553
0.553
0.603
0.553
0.553
0.553
0.553
0.368
0.368
0.368
0.368
0.368
0.388
0.254
0.304
0.254
0.254
0.254
0.254
0.254
0.254
0.314
0.314
0.314
0.314
0.254
0.254
0.254
0.254
0.254
0.254
0.254
0.254
0.254
0.254
0.366
0.366
0.366
0.366
0.366
0.366
0.366
0.366
0.366
0.366
0.366
0.366
0.366
0.366
0.366
0.366
0.366
0.338
0.338
0.338
0.338
0.338
0.338
0.338
0.338
0.338
0.338
0.338
0.523
0.523
0.523
0.523
0.523
0.523
0.523
0.469
0.469
0.469
0.623
0.623
0.635
0.755
0.558
0.558
0.558
0.558
0.558
0.558
0.571
0.571
0.571
0.571
0.571
0.571
0.571
0.571
0.611
0.571
0.417
0.417
0.417
0.417
0.417
0.417
0.477
0.577
0.577
0.517
0.517
0.517
0.577
0.577
0.577
0.577
0.577
0.577
0.614
0.614
0.614
0.514
0.514
0.514
0.514
0.514
0.514
0.514
0.514
0.454
0.454
0.58
0.58
0.58
0.64
0.64
0.64
0.64
0.64
0.58
0.52
0.52
0.705
0.705
0.705
0.705
0.705
0.705
0.705
0.591
0.591
0.591
0.579
0.579
0.644
0.579
0.454
0.494
0.494
0.494
0.554
0.554
0.554
0.541
0.541
0.541
0.541
0.481
0.481
0.481
0.481
0.481
0.481
2.5
2.44
2.44
2.44
2.44
2.44
2.44
2.54
2.428
2.428
2.428
2.428
2.468
2.565
2.565
2.585
2.605
2.485
2.421
2.515
2.515
2.515
2.515
2.455
2.609
2.609
2.609
0.59
0.59
0.59
0.59
0.59
0.65
0.65
0.65
0.59
0.59
0.476
0.476
0.476
0.476
0.536
0.536
0.536
0.322
0.5
0.5
0.5
0.5
0.44
0.44
0.44
0.44
0.44
0.639
0.639
0.639
0.639
0.639
0.639
0.639
0.639
0.639
0.639
0.639
0.599
0.599
0.599
0.414
0.474
0.474
0.539
0.361
0.361
0.361
0.361
0.361
0.361
0.361
0.361
0.361
0.361
0.361
0.361
0.361
0.361
0.361
0.361
0.361
0.361
0.361
0.361
0.421
0.421
0.421
0.575
0.575
0.575
0.575
0.689
0.689
0.689
0.689
0.689
0.629
0.629
0.629
0.629
0.629
0.629
0.629
0.729
0.729
0.729
0.715
0.711
0.711
0.597
0.55
0.55
0.562
0.562
0.449
0.449
0.449
0.509
0.509
0.509
0.509
0.509
0.509
0.509
0.509
0.509
0.549
0.609
0.509
0.509
0.509
0.509
0.509
0.444
0.444
0.504
0.504
0.444
0.444
0.586
0.586
0.586
0.586
0.586
0.586
0.586
0.586
0.586
0.586
0.686
0.686
0.78
0.78
0.78
0.78
0.78
0.78
0.79
0.904
0.964
0.964
0.904
0.904
0.904
0.904
0.964
0.964
0.964
0.964
0.964
0.964
0.81
0.81
0.81
0.81
0.81
0.756
0.756
0.656
0.656
0.756
0.756
0.696
0.623
0.683
0.683
0.808
0.771
0.711
0.711
0.711
0.711
0.711
0.771
0.771
0.921
0.921
0.971
0.971
0.921
0.736
0.736
0.736
0.736
0.736
0.736
0.636
0.636
0.636
0.636
0.696
0.696
0.696
0.546
0.546
0.546
0.546
0.546
0.546
0.586
0.586
0.586
0.546
0.606
0.606
0.606
0.606
0.606
0.606
0.606
0.643
0.643
0.643
0.643
0.643
0.643
0.643
0.643
0.643
0.643
0.643
0.643
0.643
0.643
0.643
0.643
0.583
0.583
0.583
0.583
0.583
0.583
0.583
0.583
0.583
0.583
0.643
0.703
0.703
0.703
0.703
0.703
0.755
0.755
0.755
0.909
0.909
0.909
0.909
0.909
0.909
0.909
0.909
0.909
0.909
0.909
1.009
1.009
1.009
1.009
1.009
1.009
1.009
1.109
1.109
1.02
1.145
1.159
1.159
1.194
1.194
1.194
1.254
1.254
1.194
1.244
1.244
1.244
1.244
1.244
1.159
1.219
1.219
1.17
1.288
1.288
1.288
1.402
1.402
1.402
1.402
1.402
1.402
1.402
1.402
1.402
1.402
1.342
1.342
1.342
1.342
1.342
1.342
1.342
1.342
1.188
1.188
1.188
1.188
1.188
1.188
1.188
1.188
1.238
1.238
1.238
1.238
1.238
1.238
1.238
1.238
1.238
1.238
1.298
1.298
1.238
1.238
1.164
1.052
1.017
1.017
1.077
1.231
1.231
1.291
1.171
1.171
1.111
1.151
1.111
1.111
1.111
1.051
1.051
1.051
1.088
1.088
1.088
1.088
1.088
1.202
1.328
1.174
1.214
1.214
1.214
1.214
1.264
1.324
1.444
1.444
1.394
1.394
1.394
1.354
1.359
1.359
1.359
1.18
1.18
1.13
1.13
1.19
1.005
0.945
0.945
0.945
0.945
0.945
0.945
0.945
0.945
1.005
0.945
0.945
0.945
0.945
0.885
0.885
0.885
0.885
0.885
0.885
0.885
0.885
0.885
0.885
0.885
0.885
0.885
0.925
0.925
0.925
1.079
0.206
0.206
0.206
0.206
0.206
0.206
0.206
0.206
0.206
0.32
0.32
0.32
0.32
0.32
0.32
0.32
0.32
0.32
0.32
0.166
0.166
0.166
0.166
0.166
0.166
0.166
0.166
0.052
0.052
0.052
0.052
0.052
0.052
0.052
0.052
0.052
0.052
0.052
0.052
0.052
0.052
0.237
0.237
0.237
0.237
0.237
0.237
0.237
0.237
0.237
0.237
0.237
0.237
0.237
0.237
0.052
0.052
0.052
0.052
0.052
0.052
0.052
0.052
0.052
0.052
0.052
0.052
0.052
0.052
0.052
0.052
0.052
0.052
0.052
0.052
0.052
0.052
0.052
0.052
0.052
0.052
0.052
0.052
0.052
0.052
0.052
0.052
0.206
0.206
0.206
0.206
0.206
0.206
0.206
0.206
0.206
0.206
0.206
0.206
0.206
