0.093
0.093
0.093
0.093
0.093
0.221
0.221
0.221
0.214
0.214
0.214
0.214
0.214
0.214
0.214
0.214
0.214
0.214
0.214
0.214
0.214
0.214
0.226
0.226
0.226
0.214
0.214
0.214
0.214
0.214
0.226
0.226
0.214
0.214
0.214
0.214
0.344
0.344
0.344
0.404
0.404
0.464
0.464
0.464
0.464
0.374
0.374
0.374
0.374
0.374
0.374
0.464
0.464
0.404
0.404
0.404
0.404
0.404
0.314
0.314
0.314
2.709
2.721
2.721
0.326
0.326
0.326
0.416
0.416
0.416
0.053
0.053
0.053
0.053
0.053
0.222
0.222
0.222
0.222
0.222
0.222
0.222
0.222
0.222
0.367
0.367
0.367
0.367
0.367
0.198
0.407
0.407
0.407
0.407
0.407
0.407
0.407
0.407
0.407
0.407
0.407
0.407
0.407
0.407
0.262
0.262
0.262
0.262
0.262
0.262
0.262
0.262
0.053
0.053
0.053
0.053
0.053
0.053
0.053
0.053
0.053
0.053
0.053
0.053
0.053
0.053
0.053
0.053
0.053
0.053
0.053
0.053
0.053
0.053
0.053
0.053
0.053
0.053
0.053
0.053
0.053
0.053
0.053
0.053
0.053
0.053
0.053
0.053
0.053
0.053
0.053
0.053
0.053
0.053
0.053
0.053
0.053
0.053
0.053
0.053
0.053
0.053
0.053
0.053
0.053
0.053
0.053
0.053
0.053
0.262
0.262
0.262
0.262
0.262
0.262
0.262
0.262
0.262
0.262
0.262
0.262
0.262
0.262
0.262
0.262
0.262
0.407
0.407
0.407
0.407
0.407
0.198
0.198
0.198
0.198
0.198
0.367
0.367
0.367
0.367
0.367
0.367
0.367
0.367
0.367
0.367
0.222
0.222
0.222
0.222
0.053
0.053
0.053
0.053
0.053
0.053
0.053
0.053
0.053
0.053
0.053
0.053
0.053
0.053
0.053
0.053
0.053
0.053
0.053
0.053
0.053
0.053
0.053
0.053
0.053
0.053
0.053
0.053
0.053
0.262
0.262
0.262
0.262
0.262
0.262
0.262
0.262
0.262
0.262
0.262
0.262
0.262
0.262
0.262
0.262
0.262
0.262
0.262
0.262
0.262
0.262
0.053
0.053
0.053
0.053
0.053
0.053
0.053
0.053
0.053
0.053
0.053
0.053
0.053
0.053
0.053
0.053
0.053
0.053
0.053
0.053
0.053
0.053
0.198
0.198
0.367
0.367
0.367
0.367
0.367
0.367
0.367
0.367
0.367
0.367
0.367
0.367
0.367
0.367
0.198
0.198
0.198
0.198
0.053
0.053
0.053
0.053
0.053
0.053
0.053
0.053
0.053
0.053
0.053
0.053
0.053
0.053
0.053
0.053
0.053
0.262
0.262
0.262
0.262
0.262
0.262
0.262
0.262
0.262
0.262
0.262
0.262
0.262
0.262
0.262
0.262
0.262
0.262
0.262
0.262
0.262
0.262
0.053
0.053
0.053
0.053
0.053
0.053
0.053
0.053
0.053
0.053
0.053
0.053
0.053
0.053
0.053
0.053
0.053
0.053
0.053
0.222
0.222
0.222
0.222
0.222
0.222
0.222
0.222
0.367
0.367
0.367
0.367
0.367
0.367
0.198
0.198
0.198
0.198
0.198
0.198
0.198
0.198
0.198
0.198
0.198
0.198
0.198
0.198
0.053
0.053
0.053
0.053
0.053
0.053
0.053
0.053
0.053
0.053
0.053
0.214
0.214
0.214
0.214
0.214
0.214
0.214
0.214
0.214
0.423
0.423
0.39
0.39
0.39
0.39
0.39
0.39
0.39
0.39
0.39
0.39
0.39
0.39
0.39
0.39
0.39
0.39
0.39
0.39
0.262
0.262
0.053
0.053
0.053
0.053
0.053
0.053
0.053
0.053
0.053
0.198
0.198
0.198
0.198
0.198
0.198
0.198
0.198
0.198
0.198
0.198
0.198
0.198
0.198
0.198
0.198
0.198
0.198
0.198
0.198
0.053
0.053
0.053
0.053
0.053
0.053
0.053
0.053
0.053
0.053
0.053
0.053
0.053
0.053
0.053
0.053
0.053
0.053
0.053
0.222
0.222
0.222
0.222
0.222
0.222
0.222
0.222
0.222
0.222
0.222
0.222
0.222
0.222
0.053
0.053
0.053
0.053
0.053
0.053
0.053
0.053
0.053
0.053
0.053
0.053
0.262
0.262
0.262
0.262
0.262
0.262
0.262
0.262
0.262
0.262
0.262
0.262
0.262
0.262
0.262
0.262
0.262
0.262
0.262
0.262
0.262
0.262
0.053
0.053
0.053
0.053
0.053
0.053
0.053
0.053
0.053
0.053
0.053
0.053
0.053
0.053
0.053
0.053
0.053
0.053
0.053
0.053
0.053
0.053
0.053
0.198
0.198
0.198
0.198
0.198
0.198
0.198
0.367
0.367
0.367
0.367
0.367
0.367
0.367
0.367
0.367
0.367
0.367
0.367
0.367
0.222
0.053
0.053
0.053
0.053
0.053
0.053
0.262
0.262
0.262
0.262
0.262
0.262
0.262
0.262
0.262
0.262
0.262
0.262
0.262
0.262
0.262
0.262
0.262
0.262
0.262
0.262
0.262
0.262
0.053
0.053
0.053
0.053
0.053
0.053
0.053
0.053
0.053
0.053
0.053
0.053
0.053
0.053
0.053
0.053
0.053
0.053
0.053
0.053
0.053
0.053
0.053
0.053
0.053
0.053
0.053
0.053
0.053
0.053
0.053
0.053
0.053
0.053
0.222
0.222
0.222
0.222
0.222
0.222
0.222
0.314
0.314
0.314
0.314
0.314
0.314
0.314
0.145
0.145
0.154
0.154
0.154
0.154
0.363
0.363
0.363
0.363
0.363
0.363
0.363
0.363
0.363
0.363
0.363
0.363
0.363
0.363
0.363
0.363
0.363
0.363
0.363
0.363
0.363
0.363
0.154
0.154
0.154
0.154
0.154
0.299
0.299
0.299
0.299
0.299
0.299
0.299
0.299
0.299
0.299
0.299
0.299
0.299
0.299
0.299
0.299
0.299
0.299
0.299
0.371
0.226
0.226
0.226
0.226
0.226
0.226
0.226
2.209
2.209
2.209
2.209
2.378
2.378
2.378
2.378
2.378
2.378
2.378
2.378
2.378
2.378
2.378
2.369
2.369
2.369
2.2
2.2
2.2
0.217
0.217
0.217
0.217
0.217
0.217
0.217
0.217
0.217
0.334
0.334
0.334
0.334
0.334
0.334
0.334
0.334
0.334
0.334
0.334
0.334
0.479
0.479
0.479
0.479
0.479
0.479
0.479
0.491
0.491
0.491
0.282
0.282
0.282
0.282
0.27
0.27
0.27
0.27
0.33
0.33
0.185
0.185
0.185
0.185
0.185
0.185
0.185
0.185
0.185
0.185
0.185
0.185
0.125
0.125
0.125
0.125
0.125
0.125
0.125
0.125
0.125
0.125
0.302
0.302
0.125
0.125
0.125
0.125
0.125
0.294
0.294
0.294
0.294
0.294
0.294
0.471
0.471
0.294
0.294
0.294
0.294
0.294
0.294
0.125
0.27
0.27
0.27
0.27
0.447
0.447
0.27
0.27
0.27
0.27
0.27
0.27
0.27
0.27
0.27
0.27
0.27
0.805
0.805
1.123
0.978
0.62
0.62
0.62
2.552
2.552
2.552
2.761
2.761
2.761
2.761
2.761
2.761
2.761
2.761
2.761
2.761
2.761
2.761
2.761
2.761
2.761
2.761
2.761
2.761
2.761
2.761
2.761
2.761
2.552
2.552
2.552
2.552
2.552
2.552
2.552
2.552
2.552
2.552
2.552
2.866
2.866
2.906
2.906
2.906
2.906
2.906
2.906
2.906
2.906
3.034
3.034
3.034
3.034
2.865
2.865
2.865
2.865
2.865
2.865
2.68
2.68
2.68
2.68
0.181
0.181
0.181
0.181
0.181
0.181
0.181
0.181
0.181
0.181
0.181
0.181
0.181
0.181
0.334
0.334
0.334
0.334
0.334
0.334
0.334
0.334
0.334
0.334
0.334
0.334
0.334
0.343
0.343
0.343
0.343
0.215
0.215
0.215
0.215
0.215
0.215
0.215
0.215
0.424
0.424
0.424
0.424
0.424
0.424
0.424
0.424
0.424
0.424
0.424
0.584
0.753
0.593
0.431
0.431
0.431
0.431
0.431
0.431
0.431
0.431
0.222
0.222
0.222
0.222
0.053
0.053
0.053
0.053
0.053
0.053
0.053
0.198
0.198
0.198
0.198
0.198
0.198
0.198
0.198
0.198
0.198
0.198
0.198
0.198
0.198
0.198
0.198
0.198
0.198
0.198
0.198
0.053
0.053
0.053
0.053
0.053
0.053
0.053
0.053
0.053
0.053
0.053
0.215
0.215
0.343
0.343
0.343
0.343
0.343
0.552
0.552
0.552
0.552
0.552
0.552
0.552
0.552
0.552
0.552
0.552
0.552
0.552
0.424
0.424
0.424
0.424
0.424
0.424
0.424
0.424
0.424
0.215
0.215
0.215
0.384
0.384
0.384
0.384
0.512
0.512
0.512
0.512
0.512
0.512
0.512
0.512
0.512
0.512
0.343
0.334
0.334
0.539
0.479
0.479
0.479
0.479
0.479
0.479
0.479
0.479
0.479
0.571
0.571
0.571
0.539
0.539
0.539
0.539
0.539
0.539
0.539
0.394
0.394
0.394
0.394
0.334
0.334
0.334
0.334
0.334
0.334
0.334
0.334
0.334
0.334
0.334
0.334
0.334
0.334
0.334
0.334
0.334
0.334
0.334
0.334
0.334
0.334
0.206
0.206
0.206
0.334
0.206
0.206
0.206
0.206
0.206
0.206
0.415
0.415
0.415
0.584
0.584
0.584
0.584
0.584
0.584
0.584
0.584
0.584
0.584
0.584
0.584
0.584
0.584
0.415
0.415
0.415
0.415
0.415
0.206
0.206
0.206
0.206
0.206
0.206
0.206
0.206
0.206
0.206
0.206
0.206
0.206
0.206
0.206
0.251
0.239
0.239
0.367
0.367
0.367
0.367
0.367
0.367
0.367
0.367
0.367
0.367
0.512
0.584
0.584
0.584
0.584
0.584
0.584
0.584
0.584
2.567
2.567
2.567
2.567
2.567
2.567
2.727
2.727
2.567
2.567
2.567
2.422
2.631
2.631
2.631
2.631
2.631
2.631
2.631
2.631
2.8
0.817
0.817
0.877
0.877
0.877
0.877
0.877
0.904
0.904
0.904
0.904
0.904
0.904
0.526
0.526
0.526
0.526
0.526
0.526
0.526
0.526
0.526
0.526
0.526
0.526
0.566
0.539
0.539
0.539
0.539
0.506
0.566
0.566
0.506
0.506
0.506
0.506
0.506
0.506
0.506
0.506
0.666
0.666
0.666
0.666
0.666
0.666
0.666
0.666
0.666
0.666
0.666
0.666
0.756
0.816
0.876
0.816
0.816
0.816
0.816
0.961
0.973
0.913
1.09
1.09
0.27
0.27
0.479
0.479
0.479
0.479
0.479
0.648
0.648
0.648
0.648
0.825
0.825
0.648
0.648
0.503
0.503
0.503
0.503
0.503
0.503
0.334
0.334
0.334
0.302
0.302
0.125
0.125
0.125
0.125
0.125
0.125
0.125
0.125
0.125
0.125
0.125
0.302
0.302
0.62
0.62
0.62
0.62
0.62
0.053
0.053
0.053
0.053
0.053
0.053
0.053
0.053
0.053
0.053
0.053
0.053
0.053
0.053
0.053
0.053
0.053
0.053
0.053
0.053
0.053
0.053
0.053
0.053
0.053
0.053
0.198
0.407
0.407
0.407
0.407
0.407
0.407
0.407
0.407
0.407
0.407
0.407
0.407
0.407
0.407
0.407
0.407
0.407
0.576
0.576
0.431
0.431
0.431
0.222
0.222
0.222
0.222
0.222
0.222
0.222
0.222
0.222
0.053
0.053
0.053
0.053
0.053
0.053
0.053
0.053
0.053
0.053
0.053
0.053
0.053
0.053
0.053
0.053
0.053
0.053
0.053
0.053
0.053
0.053
0.053
0.053
0.053
0.053
0.053
0.053
0.053
0.053
0.053
0.053
0.053
0.053
0.053
0.053
0.053
0.053
0.053
0.053
0.053
0.053
0.053
0.053
0.053
0.053
0.053
0.053
0.053
0.053
0.053
0.053
0.198
0.198
0.198
0.198
0.198
0.198
0.198
0.198
0.198
0.198
0.198
0.198
0.198
0.198
0.198
0.198
0.367
0.367
0.367
0.367
0.222
0.222
0.222
0.222
0.222
0.222
0.222
0.222
0.222
0.222
0.053
0.053
0.053
0.053
0.053
0.053
