0.053
0.053
0.053
0.053
0.053
0.053
0.053
0.053
0.053
0.053
0.053
0.053
0.053
0.053
0.053
0.053
0.053
0.053
0.053
0.053
0.053
0.053
0.053
0.053
0.053
0.053
0.053
0.053
0.053
0.053
0.053
0.053
0.053
0.053
0.053
0.053
0.053
0.053
0.053
0.053
0.053
0.053
0.053
0.053
0.053
0.269
0.269
0.269
0.269
0.269
0.269
0.269
0.43
0.43
0.43
0.43
0.43
0.43
0.43
0.43
0.43
0.43
0.43
0.43
0.43
0.43
0.43
0.214
0.214
0.214
0.214
0.214
0.053
0.053
0.053
0.053
0.053
0.053
0.053
0.212
0.212
0.212
0.212
0.212
0.212
0.212
0.212
0.212
0.212
0.212
0.212
0.212
0.212
0.053
0.053
0.053
0.053
0.053
0.053
0.053
0.053
0.053
0.053
0.053
0.053
0.053
0.053
0.053
0.053
0.053
0.053
0.053
0.053
0.053
0.053
0.053
0.053
0.053
0.053
0.269
0.269
0.269
0.269
0.269
0.269
0.269
0.269
0.269
0.269
0.269
0.269
0.269
0.43
0.43
0.43
0.43
0.43
0.43
0.43
0.43
0.43
0.214
0.214
0.214
0.214
0.214
0.214
0.214
0.214
0.214
0.214
0.214
0.053
0.053
0.053
0.053
0.053
0.053
0.053
0.053
0.053
0.053
0.053
0.053
0.212
0.212
0.212
0.212
0.212
0.212
0.212
0.212
0.212
0.212
0.212
0.212
0.212
0.212
0.053
0.053
0.053
0.053
0.053
0.053
0.053
0.053
0.053
0.053
0.053
0.053
0.053
0.053
0.053
0.053
0.053
0.053
0.053
0.053
0.214
0.214
0.214
0.214
0.214
0.214
0.214
0.214
0.43
0.43
0.43
0.43
0.43
0.43
0.43
0.43
0.43
0.43
0.43
0.43
0.269
0.269
0.269
0.269
0.269
0.269
0.269
0.269
0.269
0.269
0.053
0.053
0.053
0.053
0.053
0.053
0.053
0.053
0.053
0.053
0.053
0.053
0.212
0.212
0.212
0.212
0.212
0.212
0.212
0.212
0.212
0.212
0.212
0.212
0.212
0.212
0.053
0.053
0.053
0.053
0.053
0.053
0.053
0.053
0.053
0.053
0.053
0.053
0.053
0.053
0.053
0.053
1.896
1.896
1.896
0.113
0.329
0.329
0.389
0.329
0.329
0.329
0.329
0.329
0.329
0.479
0.479
0.479
0.379
0.479
0.479
0.379
0.479
0.479
0.479
0.479
0.64
0.59
0.374
0.374
0.474
2.217
2.267
2.267
0.424
0.364
0.364
0.364
0.314
0.314
0.414
0.314
0.314
0.314
0.414
0.414
0.153
0.153
0.253
0.253
0.253
0.378
0.378
0.537
2.38
2.44
2.54
0.709
0.537
0.337
0.437
0.437
0.537
0.437
0.477
0.477
0.477
0.35
0.45
0.45
0.45
0.45
0.51
0.51
0.47
0.47
0.47
0.47
0.47
0.64
0.756
0.686
0.686
0.686
0.686
0.686
0.686
0.686
0.686
0.686
0.686
0.786
0.726
0.726
0.726
0.726
0.796
0.784
1.927
1.927
2.027
2.027
1.811
1.811
1.811
1.811
1.851
1.851
1.851
1.851
1.851
1.851
1.951
2.011
2.061
2.121
1.996
1.996
1.835
1.835
1.835
1.847
1.847
1.847
1.947
1.987
1.947
1.847
1.967
2.007
2.132
2.072
1.947
1.947
3.123
3.123
3.123
3.123
3.123
3.063
3.013
3.013
3.123
3.063
3.063
3.023
3.148
3.148
3.088
3.138
3.138
3.153
3.153
3.153
3.153
3.153
3.369
3.269
2.187
2.087
1.987
1.987
1.987
3.83
2.642
2.742
0.899
0.96
0.96
1.11
1.11
1.169
1.169
1.169
1.269
1.219
1.379
1.379
1.263
1.323
1.323
1.323
1.323
1.373
1.373
1.164
1.164
1.064
0.964
0.964
1.064
1.179
1.179
0.993
0.928
0.928
0.728
0.728
0.728
0.728
0.828
0.668
0.768
0.718
0.718
0.718
0.818
0.758
0.758
0.758
0.758
0.808
0.808
0.808
0.808
0.908
0.908
0.968
0.808
0.808
0.808
0.808
0.808
0.808
0.893
0.893
0.793
0.793
0.793
0.793
0.793
0.733
0.733
0.733
0.833
0.833
1.21
1.16
1.16
1.16
1.16
1.06
1.1
1.06
1.06
1.06
1.1
1.03
1.03
1.03
1.03
1.03
0.43
0.43
0.43
0.43
0.269
0.269
0.053
0.053
0.053
0.053
0.053
0.053
0.053
0.053
0.053
0.053
0.212
0.212
0.212
0.212
0.212
0.212
0.212
0.212
0.212
0.212
0.212
0.212
0.212
0.212
0.053
0.053
0.053
0.053
0.053
0.053
0.053
0.053
0.053
0.053
0.053
0.053
0.053
0.053
0.053
0.053
0.053
0.053
0.053
0.053
0.214
0.214
0.214
0.214
0.214
0.214
0.214
0.214
0.214
0.214
0.214
0.214
0.214
0.214
0.214
0.214
0.214
0.214
0.214
0.214
0.053
0.053
0.053
0.053
0.053
0.053
0.053
0.053
0.053
0.053
0.053
0.053
0.053
0.053
0.053
0.053
0.053
0.053
0.053
0.212
0.212
0.212
0.212
0.212
0.212
0.212
0.212
0.212
0.212
0.212
0.428
0.428
0.428
0.269
0.269
0.269
0.269
0.269
0.269
0.269
0.269
0.269
0.269
0.269
0.269
0.269
0.269
0.43
0.43
0.43
0.43
0.43
0.214
0.214
0.214
0.214
0.214
0.214
0.214
0.214
0.214
0.214
0.214
0.214
0.214
0.214
0.214
0.053
0.053
0.053
0.053
0.053
0.053
0.053
0.053
0.053
0.053
0.053
0.053
0.053
0.053
0.053
0.053
0.053
0.053
0.053
0.053
0.053
0.053
0.053
0.053
0.053
0.053
0.053
0.053
0.053
0.053
0.053
0.053
0.053
0.053
0.053
0.053
0.053
0.053
0.053
0.053
0.053
0.053
0.053
0.053
0.212
0.212
0.212
0.212
0.212
0.212
0.428
0.589
0.589
0.589
0.589
0.589
0.589
0.589
0.43
0.43
0.43
0.43
0.43
0.43
0.43
0.43
0.43
0.43
0.43
0.43
0.43
0.269
0.053
0.053
0.053
0.053
0.053
0.053
0.053
0.053
0.053
0.053
0.053
0.053
0.053
0.053
0.053
0.053
0.053
0.053
0.053
0.053
0.053
0.053
0.053
0.053
0.053
0.053
0.053
0.053
0.053
0.053
0.053
0.053
0.053
0.053
0.053
0.053
0.053
0.053
0.053
0.053
0.053
0.053
0.053
0.053
0.053
0.053
0.053
0.053
0.053
0.053
0.053
0.053
0.053
0.053
0.053
0.053
0.053
0.053
0.053
0.269
0.269
0.269
0.269
0.43
0.43
0.43
0.43
0.43
0.43
0.589
0.589
0.589
0.589
0.589
0.589
0.589
0.589
0.589
0.589
0.589
0.589
0.373
0.373
0.053
0.053
0.053
0.053
0.053
0.053
0.053
0.053
0.053
0.053
0.053
0.053
0.053
0.053
0.053
0.053
0.053
0.053
0.053
0.053
0.053
0.053
0.053
0.053
0.053
0.053
0.053
0.053
0.053
0.053
0.053
0.053
0.053
0.053
0.053
0.053
0.053
0.053
0.053
0.053
0.053
0.053
0.053
0.053
0.053
0.053
0.053
0.053
0.214
0.214
0.214
0.214
0.214
0.214
0.214
0.214
0.214
0.214
0.214
0.214
0.214
0.214
0.214
0.214
0.214
0.214
0.373
0.373
0.212
0.212
0.212
0.212
0.212
0.212
0.212
0.212
0.212
0.212
0.212
0.212
0.053
0.053
0.053
0.053
0.053
0.053
0.053
0.053
0.053
0.053
0.053
0.053
0.053
0.269
0.269
0.269
0.269
0.269
0.269
0.269
0.269
0.269
0.269
0.269
0.269
0.269
0.269
0.269
0.269
0.269
0.269
0.269
0.269
0.269
0.269
0.053
0.053
0.053
0.053
0.053
0.053
0.053
0.053
0.053
0.053
0.053
0.053
0.053
0.053
0.053
0.053
0.053
0.053
0.053
0.053
0.053
0.053
0.053
0.053
0.053
0.053
0.053
0.053
0.053
0.053
0.053
0.053
0.212
0.212
0.212
0.212
0.212
0.212
0.212
0.212
0.212
0.212
0.212
0.212
0.212
0.212
0.053
0.053
0.053
0.053
0.053
0.053
0.053
0.053
0.053
0.053
0.053
0.053
0.053
0.053
0.053
0.053
0.053
0.053
0.053
0.214
0.214
0.214
0.214
0.214
0.214
0.314
0.314
0.314
0.314
0.314
0.414
0.429
0.529
0.654
0.654
0.529
0.529
0.529
0.529
0.428
0.428
0.428
0.428
0.488
0.488
0.328
0.328
0.328
0.328
0.328
0.428
0.328
0.328
0.398
0.338
0.338
0.338
0.338
0.338
0.338
0.438
0.438
0.438
0.597
0.597
0.597
0.597
0.597
0.597
0.597
0.597
0.597
0.527
0.627
0.627
0.627
0.527
0.368
0.368
0.368
0.368
0.368
0.368
0.584
0.584
0.584
0.584
0.584
0.584
0.684
0.734
0.734
0.734
0.734
0.734
0.734
0.734
0.734
0.734
0.734
0.794
0.694
0.694
0.694
0.679
0.463
0.463
0.463
0.463
0.463
0.463
0.463
0.463
0.463
0.463
0.788
0.663
0.824
0.824
0.824
0.764
0.764
0.764
0.834
0.834
0.834
0.834
0.834
0.734
2.507
2.507
2.507
0.664
0.614
0.614
0.614
0.729
0.727
0.797
0.797
0.797
0.897
0.897
0.897
0.897
0.897
0.897
0.897
0.897
0.897
0.897
0.738
0.638
0.754
0.754
0.754
0.684
0.684
0.744
0.844
0.844
0.844
0.744
0.744
0.744
0.744
0.684
0.684
0.684
0.684
0.684
0.684
2.527
2.527
2.527
0.468
0.468
0.468
0.468
0.468
0.468
0.518
0.518
0.518
0.518
0.518
0.518
0.679
0.679
0.749
0.749
0.699
0.699
0.699
0.699
0.699
0.629
0.214
0.214
0.214
0.214
0.214
0.214
0.214
0.214
0.214
0.214
0.053
0.053
0.053
0.053
0.053
0.053
0.053
0.053
0.053
0.053
0.168
0.228
0.228
0.228
0.243
0.243
0.243
0.343
0.377
0.477
0.637
1.359
1.299
1.299
1.369
1.022
1.134
1.034
1.034
1.134
1.034
1.084
1.084
1.084
1.084
0.947
1.047
1.047
1.047
1.047
1.047
1.047
0.947
2.82
2.82
2.86
2.86
2.86
2.86
2.86
2.86
2.86
2.86
2.86
2.86
2.86
2.86
2.745
2.845
2.845
4.688
4.648
4.648
2.805
0.822
0.722
0.722
0.722
0.722
0.722
0.722
0.652
0.652
0.652
0.652
0.652
0.652
0.652
0.722
0.822
0.822
0.822
0.982
0.982
0.982
0.982
0.982
0.967
0.967
0.967
0.907
0.888
0.818
0.818
0.888
0.948
0.948
0.888
0.888
0.888
0.888
1.049
1.049
1.037
1.071
0.971
1.13
1.13
1.19
1.19
1.19
1.19
1.19
1.305
1.305
1.305
1.305
1.305
1.19
1.25
1.091
0.93
0.93
0.93
0.93
0.93
0.95
1.127
1.127
0.95
0.95
0.95
0.89
0.89
0.89
2.078
2.078
2.078
2.233
2.233
2.41
2.41
2.233
2.173
2.173
2.173
2.173
2.173
2.173
2.173
2.233
2.233
2.233
2.41
2.41
2.233
2.449
2.449
2.449
2.449
2.334
2.334
2.334
2.274
2.259
1.071
1.248
1.248
1.566
1.566
1.726
1.626
1.466
3.398
3.292
3.292
3.453
3.419
3.163
3.163
3.163
3.163
3.163
3.163
3.213
3.213
3.213
3.213
3.213
3.213
3.228
3.228
3.228
3.228
3.228
3.228
3.067
3.067
3.067
3.067
2.552
2.552
2.552
2.552
2.552
2.552
2.552
2.552
2.552
2.552
2.552
2.552
2.552
2.552
2.552
2.552
2.552
2.552
2.552
2.552
2.552
2.552
2.552
2.711
2.711
2.711
2.711
2.711
2.711
2.927
2.927
2.927
2.927
0.428
0.428
0.428
0.428
0.269
0.269
0.269
0.269
0.269
0.269
0.269
0.269
0.269
0.269
0.269
0.269
0.269
0.269
0.053
0.053
0.053
0.053
0.053
0.053
0.053
0.053
0.053
