0.053
0.053
0.053
0.053
0.053
0.053
0.053
0.053
0.053
0.053
0.053
0.053
0.053
0.053
0.053
0.053
0.053
0.053
0.053
0.053
0.357
0.482
0.517
0.494
0.494
0.494
0.494
0.434
0.534
0.534
0.534
0.534
0.594
0.694
0.505
0.505
0.505
0.505
0.56
0.505
0.505
0.505
0.676
0.576
0.616
0.616
0.628
0.628
0.588
0.588
0.189
0.189
0.189
0.189
0.189
0.361
0.361
0.361
0.361
0.361
0.361
0.361
0.225
0.225
0.225
0.225
0.225
0.225
0.225
0.225
0.225
0.225
0.225
0.225
0.225
0.225
0.225
0.053
0.053
0.053
0.053
0.053
0.053
0.053
0.053
0.053
0.053
0.053
0.053
0.053
0.053
0.053
0.053
0.053
0.053
0.053
0.053
0.053
0.053
0.053
0.053
0.053
0.053
0.053
0.053
0.053
0.053
0.053
0.053
0.053
0.053
0.053
0.053
0.053
0.189
0.189
0.189
0.189
0.189
0.189
0.189
0.189
0.189
0.189
0.189
0.189
0.189
0.189
0.189
0.189
0.361
0.361
0.55
0.55
0.414
0.414
0.414
0.414
0.414
0.414
0.414
0.414
0.414
0.414
0.414
0.414
0.225
0.225
0.225
0.225
0.225
0.225
0.053
0.053
0.053
0.053
0.053
0.053
0.053
0.053
0.053
0.053
0.053
0.053
0.053
0.053
0.053
0.053
0.053
0.053
0.053
0.053
0.053
0.053
0.053
0.053
0.053
0.053
0.053
0.053
0.053
0.053
0.053
0.053
0.053
0.053
0.053
0.053
0.053
0.053
0.053
0.053
0.053
0.053
0.053
0.053
0.053
0.053
0.053
0.189
0.189
0.189
0.189
0.189
0.189
0.189
0.189
0.189
0.189
0.189
0.189
0.189
0.189
0.189
0.189
0.189
0.189
0.189
0.189
0.053
0.053
0.053
0.053
0.053
0.053
0.053
0.053
0.053
0.053
0.053
0.053
0.053
0.053
0.242
0.242
0.242
0.242
0.242
0.242
0.242
0.242
0.242
0.242
0.242
0.242
0.242
0.242
0.053
0.053
0.053
0.053
0.053
0.053
0.053
0.053
0.225
0.225
0.225
0.225
0.225
0.225
0.225
0.225
0.225
0.225
0.225
0.225
0.225
0.225
0.225
0.225
0.225
0.225
0.225
0.225
0.225
0.225
0.053
0.053
0.053
0.053
0.053
0.053
0.053
0.053
0.053
0.053
0.053
0.053
0.053
0.053
0.053
0.053
0.053
0.053
0.053
0.053
0.053
0.053
0.053
0.053
0.053
0.053
0.053
0.053
0.053
0.053
0.053
0.053
0.053
0.053
0.053
0.053
0.053
0.053
0.053
0.053
0.242
0.242
0.242
0.242
0.242
0.242
0.242
0.242
0.242
0.242
0.414
0.414
0.414
0.414
0.225
0.225
0.361
0.361
0.361
0.361
0.361
0.361
0.361
0.361
0.361
0.361
0.361
0.361
0.361
0.361
0.361
0.361
0.189
0.189
0.189
0.189
0.053
0.053
0.053
0.053
0.053
0.053
0.053
0.053
0.053
0.053
0.053
0.053
0.053
0.053
0.053
0.053
0.053
0.053
0.053
0.053
0.053
0.053
0.053
0.053
0.053
0.053
0.053
0.053
0.053
0.053
0.053
0.053
0.053
0.053
0.053
0.053
0.053
0.168
0.357
0.357
0.357
0.357
0.357
0.357
0.357
0.357
0.357
0.357
0.357
0.357
0.357
0.357
0.168
0.168
0.168
0.34
0.34
0.476
0.476
0.476
0.476
0.476
0.476
0.476
0.476
0.476
0.476
0.476
0.476
0.476
0.476
0.476
0.476
0.476
0.476
0.476
0.476
0.168
0.168
0.168
0.168
0.168
0.168
0.168
0.168
0.168
0.168
0.168
0.168
0.168
0.168
0.168
0.168
0.201
0.201
0.477
0.477
0.477
0.477
0.201
0.213
0.213
0.213
0.201
0.201
0.201
0.201
0.053
0.053
0.053
0.053
0.053
0.053
0.053
0.053
0.053
0.053
0.053
0.053
0.053
0.053
0.225
0.225
0.225
0.225
0.225
0.225
0.373
0.373
0.373
0.373
0.373
0.373
0.373
0.373
0.509
0.509
0.509
0.509
0.509
0.509
0.509
0.509
0.337
0.337
0.337
0.337
0.337
0.337
0.337
0.337
0.337
0.337
0.337
0.337
0.201
0.273
0.273
0.393
0.393
0.393
0.393
0.393
0.393
2.376
2.376
2.376
2.376
2.376
2.376
2.376
4.648
4.648
4.648
4.648
4.648
4.648
4.648
4.648
5.778
5.778
5.778
5.778
5.778
5.778
3.795
3.762
3.762
3.762
3.642
3.642
1.37
1.37
1.37
1.37
1.37
1.37
0.125
0.125
0.125
0.125
0.125
0.125
0.314
0.314
0.314
0.314
0.314
0.314
0.486
0.486
0.486
0.486
0.486
0.486
0.486
0.486
0.297
0.297
0.297
0.297
0.297
0.297
0.297
0.297
0.297
0.297
0.297
0.297
0.297
0.297
0.125
0.125
0.125
0.125
0.125
0.125
0.125
0.125
0.125
0.125
0.125
0.125
0.125
0.125
0.125
0.125
0.125
0.302
0.302
0.125
0.125
0.125
0.125
0.125
0.125
0.125
1.506
1.506
1.506
1.506
1.683
1.683
1.506
1.506
1.506
1.506
0.261
0.261
0.261
0.261
0.261
0.261
0.261
0.438
0.438
0.261
0.125
0.125
0.314
0.314
0.314
0.314
0.314
0.314
0.314
0.314
0.491
0.491
0.809
0.809
0.981
0.981
0.792
2.724
2.724
2.724
2.724
2.724
2.724
2.724
2.724
2.724
2.724
2.724
2.724
2.724
2.724
2.724
2.724
2.724
2.724
2.724
2.552
2.552
2.552
2.552
2.552
2.688
2.688
2.688
2.688
2.688
2.688
2.688
2.688
2.688
2.688
2.688
2.688
2.688
2.688
2.688
2.688
2.688
2.688
2.688
2.688
2.552
2.552
2.552
2.552
2.552
2.552
2.552
2.552
2.552
2.552
2.552
2.552
2.552
2.552
2.552
2.552
0.053
0.053
0.053
0.053
0.053
0.053
0.053
0.053
0.225
0.225
0.225
0.225
0.225
0.225
0.225
0.225
0.414
0.414
0.414
0.414
0.414
0.414
0.414
0.414
0.414
0.414
0.414
0.414
0.414
0.414
0.053
0.053
0.053
0.053
0.053
0.053
0.053
0.053
0.053
0.053
0.053
0.053
0.053
0.053
0.053
0.053
0.053
0.053
0.053
0.053
0.053
0.053
0.053
0.053
0.053
0.053
0.053
0.053
0.053
0.189
0.189
0.189
0.189
0.189
0.189
0.189
0.189
0.189
0.189
0.189
0.189
0.189
0.189
0.189
0.189
0.189
0.189
0.189
0.189
0.053
0.053
0.225
0.225
0.225
0.225
0.225
0.225
0.225
0.225
0.225
0.225
0.225
0.225
0.225
0.225
0.225
0.225
0.225
0.225
0.225
0.225
0.225
0.225
0.242
0.242
0.242
0.242
0.242
0.242
0.242
0.242
0.242
0.242
0.242
0.242
0.242
0.242
0.053
0.053
0.053
0.053
0.053
0.053
0.053
0.053
0.053
0.053
0.053
0.053
0.053
0.053
0.053
0.053
0.053
0.053
0.053
0.053
0.053
0.053
0.053
0.189
0.189
0.189
0.189
0.189
0.189
0.189
0.189
0.189
0.189
0.189
0.189
0.189
0.189
0.189
0.189
0.189
0.189
0.189
0.189
0.053
0.053
0.053
0.053
0.053
0.053
0.053
0.053
0.053
0.053
0.225
0.225
0.225
0.225
0.225
0.225
0.225
0.225
0.225
0.225
0.225
0.225
0.225
0.225
0.225
0.225
0.225
0.225
0.225
0.225
0.225
0.225
0.053
0.053
0.242
0.242
0.242
0.242
0.242
0.242
0.242
0.242
0.242
1.487
1.487
1.487
1.487
1.487
1.298
1.298
1.298
1.298
1.298
1.298
1.298
1.298
1.298
1.298
1.298
1.298
1.298
1.298
1.298
1.298
1.298
1.298
1.298
1.298
1.298
1.298
1.298
1.434
1.434
1.434
1.434
0.304
0.304
0.304
0.304
0.304
0.304
0.304
0.304
0.304
0.304
0.304
0.304
0.304
0.304
0.304
0.304
0.168
0.168
0.168
0.168
0.168
0.168
0.168
0.168
0.168
0.168
0.168
0.318
0.318
0.318
0.318
0.318
2.473
2.473
2.473
0.318
0.318
0.438
0.438
0.438
0.438
0.438
0.438
0.438
2.73
2.73
2.73
2.73
2.73
2.73
2.73
2.73
2.73
2.73
2.73
2.73
2.73
2.73
2.73
2.73
2.73
2.73
2.73
2.58
2.58
2.58
2.58
2.58
2.46
2.632
2.632
0.34
0.34
0.34
0.529
0.529
0.529
0.529
0.529
0.529
0.529
0.529
0.529
0.529
0.564
0.564
0.7
0.665
0.361
0.361
0.361
0.189
0.189
0.189
0.189
0.189
0.189
0.189
0.189
0.189
0.189
0.189
0.189
0.202
0.202
0.202
0.066
0.066
0.066
0.066
0.066
0.066
0.066
0.066
0.066
0.066
0.066
0.066
0.066
0.066
0.066
0.066
0.066
0.099
0.099
0.099
0.099
0.099
0.099
0.099
0.249
0.249
0.249
0.369
0.369
0.369
0.369
0.369
0.369
0.369
0.369
0.249
0.249
0.249
0.249
0.249
0.349
0.349
0.349
0.349
0.349
0.538
0.538
0.538
0.538
0.438
0.438
0.438
2.593
2.593
2.593
0.438
0.558
0.558
0.558
0.369
0.369
0.369
0.369
0.369
0.369
0.369
0.505
2.797
3.245
3.245
3.232
3.232
2.956
2.956
2.956
2.956
2.956
2.956
2.956
2.956
2.956
3.016
0.361
0.361
0.361
0.361
0.225
0.225
0.225
0.225
0.053
0.053
0.053
0.053
0.053
0.053
0.053
0.053
0.053
0.053
0.053
0.053
0.053
0.053
0.053
0.053
0.053
0.053
0.053
0.053
0.053
0.053
0.053
0.053
0.053
0.053
0.053
0.053
0.053
0.053
0.053
0.053
0.053
0.053
0.053
0.053
0.053
0.053
0.053
0.053
0.053
0.053
0.053
0.053
0.053
0.053
0.053
0.053
0.053
0.053
0.053
0.053
0.053
0.053
0.053
0.053
0.225
0.225
0.225
0.225
0.361
0.361
2.956
2.956
2.956
3.056
3.056
3.056
2.996
2.996
2.963
2.963
3.063
3.063
0.764
0.764
0.953
0.953
0.781
0.781
0.645
0.645
0.645
0.645
0.525
0.525
0.425
0.425
0.425
0.46
0.271
0.271
0.271
0.411
0.476
0.476
0.376
0.276
0.276
0.276
0.126
0.126
0.126
0.126
0.126
0.238
0.238
0.138
0.138
0.138
0.098
0.098
0.098
0.098
0.098
0.098
0.296
0.308
0.408
0.448
0.508
0.508
0.508
0.443
0.443
0.555
0.564
0.564
0.564
0.564
0.564
0.729
0.729
0.689
0.689
0.749
0.749
0.749
0.749
0.749
0.749
0.749
0.749
0.749
0.845
0.845
0.845
0.64
0.64
0.652
0.652
0.652
0.652
0.712
0.712
0.747
0.735
0.723
0.723
0.723
0.723
0.723
0.723
0.723
0.587
0.587
0.587
0.587
0.587
0.587
0.587
0.587
0.863
0.863
0.863
0.913
0.637
0.637
0.637
0.637
0.625
0.625
0.625
0.625
0.625
0.625
0.625
0.625
0.625
0.612
0.612
0.841
0.841
0.801
0.751
0.751
0.751
0.751
0.751
0.751
0.751
0.751
0.851
0.851
0.751
0.712
0.712
0.712
0.712
0.712
0.724
0.824
0.764
0.764
0.764
0.764
0.936
0.909
0.844
1.22
1.22
1.22
1.22
0.957
0.957
0.957
0.869
1.005
1.005
1.005
1.005
0.993
0.993
0.993
0.993
0.984
0.984
0.984
0.812
0.812
0.732
0.732
0.732
0.732
0.732
0.782
0.742
0.606
0.646
0.746
0.596
0.596
0.536
0.536
0.536
0.536
0.496
2.651
2.651
2.651
0.496
0.496
0.561
0.561
0.561
0.461
0.461
0.461
0.521
0.521
0.65
0.65
0.65
0.65
0.65
0.662
0.782
0.782
0.782
0.782
0.782
0.782
0.854
0.954
0.765
0.765
0.765
0.765
0.765
0.774
0.741
0.741
0.225
0.225
0.225
0.225
0.225
0.225
0.225
0.225
0.225
0.225
