0.053
0.053
0.053
0.053
0.053
2.114
2.114
2.126
0.074
0.074
0.053
0.053
0.053
0.053
0.053
0.053
0.053
0.053
0.053
0.053
0.053
0.053
0.053
0.053
0.053
0.053
0.053
0.053
0.053
0.053
0.053
0.053
0.22
0.22
0.22
0.22
0.22
0.22
0.22
0.22
0.22
0.22
0.22
0.22
0.22
0.22
0.385
0.385
0.385
0.385
0.385
0.385
0.385
0.385
0.218
0.218
0.218
0.218
0.218
0.218
0.218
0.218
0.218
0.218
0.218
0.218
0.053
0.053
0.053
0.053
0.053
0.053
0.053
0.053
0.053
0.053
0.053
0.053
0.053
0.053
0.053
0.053
0.053
0.053
0.053
0.053
0.053
0.053
0.053
0.053
0.053
0.053
0.053
0.053
0.053
0.053
0.053
0.053
0.053
0.053
0.053
0.053
0.053
0.053
0.053
0.053
0.053
0.053
0.053
0.053
0.233
0.233
0.233
0.233
0.233
0.233
0.233
0.233
0.233
0.233
0.233
0.233
0.233
0.233
0.053
0.053
0.053
0.053
0.053
0.053
0.053
0.053
0.053
0.053
0.053
0.053
0.218
0.218
0.218
0.218
0.218
0.218
0.218
0.218
0.218
0.218
0.218
0.218
0.218
0.218
0.218
0.218
0.218
0.218
0.218
0.218
0.053
0.053
0.053
0.053
0.053
0.053
0.053
0.053
0.053
0.053
0.053
0.053
0.053
0.053
0.053
0.053
0.053
0.053
0.053
0.053
0.053
0.053
0.22
0.22
0.22
0.22
0.22
0.22
0.22
0.22
0.22
0.22
0.22
0.22
0.22
0.22
0.22
0.22
0.22
0.22
0.22
0.22
0.4
0.4
0.233
0.233
0.233
0.233
0.233
0.233
0.233
0.233
0.233
0.233
0.233
0.233
0.053
0.053
0.053
0.053
0.053
0.053
0.053
0.053
0.053
0.053
0.053
0.053
0.053
0.053
0.053
0.053
0.053
0.053
0.218
0.218
0.218
0.218
0.218
0.218
0.218
0.218
0.218
0.218
0.218
0.218
0.218
0.218
0.385
0.385
0.385
0.385
0.385
0.385
0.22
0.22
0.22
0.22
0.22
0.22
0.22
0.22
0.22
0.22
0.22
0.22
0.22
0.22
0.22
0.22
0.053
0.053
0.053
0.053
0.053
0.053
0.053
0.053
0.053
0.053
0.053
0.053
0.053
0.053
0.053
0.053
0.053
0.053
0.053
0.053
0.053
0.053
0.053
0.053
0.053
0.053
0.053
0.053
0.053
0.053
0.053
0.053
0.053
0.053
0.053
0.053
0.233
0.233
0.233
0.233
0.233
0.233
0.233
0.233
0.233
0.233
0.233
0.233
0.233
0.233
0.053
0.053
0.053
0.053
0.053
0.053
0.053
0.053
0.053
0.053
0.053
0.053
0.053
0.053
0.053
0.053
0.053
0.053
0.053
0.053
0.053
0.053
0.053
0.053
0.053
0.053
0.053
0.053
0.053
0.053
0.053
0.053
0.053
0.053
0.053
0.053
0.053
0.218
0.218
0.218
0.218
0.218
0.385
0.385
0.385
0.385
0.385
0.385
0.385
0.385
0.385
0.385
0.385
0.385
0.385
0.385
0.385
0.22
0.22
0.22
0.22
0.4
0.4
0.4
0.233
0.233
0.233
0.233
0.233
0.233
0.233
0.233
0.233
0.233
0.233
0.053
0.053
0.053
0.053
0.053
0.053
0.053
0.053
0.053
0.053
0.053
0.053
0.053
0.053
0.053
0.053
0.053
0.053
0.053
0.053
0.053
0.053
0.053
0.053
0.218
0.218
0.218
0.218
0.218
0.218
0.218
0.218
0.218
0.218
0.218
0.218
0.218
0.218
0.218
0.218
0.218
0.218
0.218
0.218
0.053
0.053
0.053
0.053
0.053
0.053
0.053
0.053
0.053
0.053
0.053
0.053
0.053
0.053
0.053
0.053
0.053
0.233
0.233
0.233
0.233
0.233
0.233
0.233
0.233
0.233
0.233
0.233
0.233
0.233
0.233
0.053
0.22
0.22
0.22
0.22
0.22
0.22
0.22
0.22
0.22
0.22
0.22
0.22
0.22
0.22
0.22
0.22
0.22
0.22
0.385
0.385
0.385
0.385
0.218
0.218
0.218
0.218
0.218
0.218
0.218
0.218
0.288
0.288
0.228
0.228
0.228
0.228
0.228
0.228
0.063
0.063
0.063
0.063
0.063
0.063
0.063
0.063
0.063
0.063
0.063
0.063
0.063
0.163
0.163
0.163
0.163
0.103
0.103
0.103
0.103
0.103
0.103
0.163
0.163
0.163
0.103
0.103
0.103
0.103
0.103
0.103
0.103
0.138
0.138
0.138
0.138
0.138
0.138
0.138
0.138
0.138
0.303
0.375
0.615
0.615
0.615
0.624
0.724
0.724
0.724
2.607
2.607
2.607
2.598
2.598
2.598
2.598
2.518
2.518
2.618
2.627
2.462
2.462
2.462
2.452
2.452
2.452
2.619
2.519
2.519
2.519
0.536
0.627
0.627
0.687
0.687
0.647
1.872
1.832
1.832
1.732
1.723
1.793
1.839
1.839
1.909
1.909
1.909
1.849
1.682
1.682
1.682
1.682
1.682
1.682
1.682
1.582
1.582
1.582
1.582
1.582
1.582
1.582
1.582
1.582
1.582
1.582
0.406
0.506
0.518
0.518
0.518
0.518
0.506
0.506
0.506
0.506
0.506
0.506
0.671
0.671
0.671
0.555
0.555
0.555
2.616
2.616
2.616
0.564
0.555
0.485
0.485
0.485
0.485
0.662
0.602
0.425
0.605
0.665
0.5
0.5
0.614
0.614
0.614
0.614
0.614
0.648
1.052
1.052
0.835
0.835
0.655
0.655
0.655
0.664
0.664
0.664
0.664
0.604
0.604
0.841
0.841
0.664
0.664
0.664
0.664
0.664
0.664
0.664
2.558
2.558
2.498
0.323
0.5
0.5
0.818
0.783
0.843
0.834
0.869
0.362
0.336
0.316
0.256
0.256
0.256
0.37
0.37
0.37
0.37
0.37
0.37
0.37
0.37
0.37
0.37
0.43
0.49
0.49
0.49
0.49
0.49
0.49
0.49
0.49
0.49
0.49
0.49
0.49
0.49
0.49
0.49
0.49
0.49
0.606
0.606
0.606
0.606
0.706
0.672
0.663
0.663
0.663
0.603
0.603
0.612
0.603
0.603
0.668
0.668
0.668
0.668
0.668
0.668
0.218
0.218
0.218
0.218
0.218
0.218
0.218
0.218
0.218
0.218
0.218
0.218
0.398
0.398
0.233
0.233
0.233
0.233
0.233
0.233
0.233
0.233
0.233
0.233
0.233
0.233
0.053
0.053
0.053
0.053
0.053
0.053
0.053
0.053
0.053
0.053
0.053
0.053
0.053
0.22
0.22
0.22
0.22
0.22
0.22
0.22
0.22
0.22
0.22
0.22
0.22
0.22
0.22
0.22
0.22
0.22
0.22
0.22
0.22
0.22
0.22
0.053
0.053
0.053
0.053
0.053
0.053
0.053
0.053
0.053
2
2
2
2
2
2
2
2
2
2
1.886
2.051
2.051
2.051
2.24
2.24
2.24
2.231
2.231
2.231
0.398
0.398
0.398
0.398
0.398
0.398
0.398
0.398
0.218
0.218
0.218
0.053
0.053
0.053
0.053
0.053
0.053
0.053
0.053
0.053
0.053
0.053
0.053
0.053
0.053
0.053
0.053
0.053
0.053
0.053
0.053
0.053
0.053
0.053
0.053
0.053
0.053
0.053
0.053
0.053
0.053
0.22
0.22
0.22
0.22
0.22
0.22
0.22
0.22
0.22
0.22
0.22
0.22
0.22
0.22
0.22
0.22
0.22
0.22
0.22
0.22
0.22
0.22
0.053
0.053
0.053
0.053
0.053
0.053
0.053
0.053
0.053
0.053
0.233
0.233
0.233
0.233
0.233
0.233
0.233
0.398
0.398
0.398
0.398
0.398
0.398
0.398
0.218
0.218
0.218
0.334
0.434
0.318
0.318
0.338
0.318
0.353
0.353
0.413
0.413
0.213
0.213
0.213
0.213
0.213
0.213
0.213
0.213
0.222
0.222
0.234
2.295
2.295
2.295
0.234
0.234
0.234
0.254
0.254
0.234
0.334
0.334
0.322
0.313
0.394
0.394
0.561
0.561
0.549
0.549
0.549
0.549
0.549
0.549
0.549
0.549
0.549
0.589
0.589
0.589
0.489
0.489
0.524
0.524
0.464
0.473
0.464
0.464
0.397
0.297
0.297
0.297
0.297
0.442
0.442
0.442
0.442
0.502
0.502
0.514
0.514
0.514
0.514
0.514
0.514
0.514
0.514
0.334
0.334
0.334
0.334
2.395
2.395
2.395
0.322
0.322
0.322
0.322
0.322
0.322
0.334
0.334
0.325
0.325
0.325
0.325
0.325
0.325
0.325
0.345
0.325
0.325
0.325
0.385
0.585
0.525
0.525
0.525
0.478
0.498
0.498
0.558
0.618
0.558
0.568
0.568
0.508
0.508
0.508
0.508
0.508
0.542
0.542
0.542
0.377
0.377
0.377
0.604
0.604
0.604
0.604
0.604
0.604
0.784
0.784
0.784
0.784
0.824
2.135
2.095
2.104
2.104
2.104
2.104
2.104
2.104
2.004
1.924
2.04
1.813
1.813
1.813
1.813
1.813
1.813
1.813
1.813
1.813
1.813
1.873
1.813
1.813
1.813
1.813
1.813
1.813
1.813
1.713
0.462
0.462
0.522
0.462
0.462
0.462
0.462
0.402
0.402
0.402
0.402
0.402
0.402
0.402
0.402
0.502
2.563
2.563
2.563
0.492
0.492
0.492
0.492
0.492
0.657
0.557
0.523
0.523
0.69
0.69
0.69
2.107
2.107
2.147
1.114
0.91
0.91
0.91
0.91
0.91
0.91
0.91
0.91
0.91
0.745
0.745
0.685
0.685
0.685
0.505
0.338
0.452
0.452
0.452
0.452
0.452
0.452
0.452
0.452
0.452
0.392
0.392
0.392
0.392
0.432
0.502
0.388
0.388
0.318
0.318
0.318
0.318
0.318
0.318
0.318
0.318
0.318
0.318
0.318
0.318
0.318
0.318
0.218
0.288
0.288
0.462
0.402
0.402
0.402
0.502
0.432
0.432
0.432
0.442
0.542
0.542
0.542
0.542
0.542
0.721
0.681
0.681
0.681
0.681
0.681
0.681
2.742
2.742
2.742
0.861
0.861
0.861
0.861
0.861
0.861
0.861
0.861
0.861
0.861
0.861
0.745
0.578
0.578
0.398
0.522
0.687
0.687
0.687
0.687
0.687
0.687
0.678
0.218
0.218
0.218
0.218
0.218
0.218
0.218
0.218
0.218
0.218
0.466
0.466
0.466
0.301
0.301
0.301
0.301
0.301
0.301
0.301
0.301
0.301
0.301
0.301
0.301
0.301
0.301
0.301
0.335
0.335
0.335
0.395
0.395
0.395
0.395
0.439
0.439
0.439
0.43
0.43
0.43
0.43
0.43
0.49
0.48
0.48
0.48
0.48
0.48
0.48
0.48
0.48
0.48
0.647
0.647
0.991
0.991
1
1
0.656
0.656
0.716
0.716
0.816
0.828
0.828
0.828
0.828
0.828
0.828
0.993
0.993
3.054
3.054
3.054
0.826
0.766
0.766
0.766
0.766
0.766
0.766
0.766
0.854
0.819
0.719
0.719
0.719
0.719
0.719
0.554
0.554
0.554
0.554
0.554
0.554
0.554
0.554
0.554
0.545
0.545
0.511
0.511
0.511
0.662
0.662
0.662
0.662
0.682
0.682
0.622
0.682
0.682
0.682
0.691
0.691
0.691
0.691
0.691
0.691
0.053
0.053
0.053
0.053
0.053
0.053
0.053
0.053
0.053
0.053
0.053
0.053
0.053
0.053
0.233
0.233
0.233
0.233
0.233
0.233
0.233
0.233
0.233
0.233
0.233
0.233
0.233
0.233
0.053
0.053
0.053
0.22
0.22
0.22
0.22
0.22
0.22
0.22
0.22
0.22
0.22
0.22
0.22
0.22
0.22
0.22
0.22
0.22
0.22
0.22
0.22
0.22
0.22
0.053
0.053
0.053
0.053
0.053
0.053
0.218
0.218
0.218
0.218
0.218
0.218
0.218
0.218
0.218
0.218
0.218
0.218
0.218
0.218
0.218
0.218
0.218
0.218
0.218
0.218
0.053
0.053
0.053
0.053
0.053
0.053
0.053
0.053
0.053
0.053
0.053
0.053
0.053
0.053
0.053
0.053
0.053
0.053
0.053
0.053
0.053
