0.053
0.053
0.053
0.053
0.053
0.053
0.053
0.053
0.053
0.053
0.053
0.053
0.053
0.053
0.053
0.053
0.053
0.053
0.053
0.053
0.053
0.053
0.053
0.053
0.053
0.053
0.053
0.053
0.053
0.053
0.053
0.218
0.218
0.218
0.218
0.218
0.218
0.218
0.218
0.218
0.218
0.218
0.218
0.218
0.218
0.218
0.218
0.218
0.218
0.218
0.218
0.053
0.053
0.053
0.053
0.053
0.053
0.053
0.053
0.053
0.053
0.053
0.053
0.053
0.053
0.053
0.053
0.053
0.053
0.053
0.053
0.053
0.053
0.053
0.053
0.053
0.053
0.053
0.053
0.053
0.053
0.288
0.478
0.478
0.478
0.478
0.478
0.478
0.478
0.478
0.478
0.478
0.478
0.478
0.478
0.243
0.243
0.243
0.243
0.243
0.243
0.243
0.243
0.243
0.053
0.053
0.053
0.053
0.053
0.053
0.053
0.053
0.053
0.053
0.053
0.053
0.053
0.053
0.053
0.053
0.053
0.053
0.053
0.053
0.053
0.053
0.053
0.053
0.053
0.053
0.053
0.053
0.053
0.053
0.053
0.053
0.053
0.053
0.053
0.053
0.053
0.053
0.053
0.053
0.053
0.053
0.053
0.053
0.053
0.053
0.053
0.288
0.288
0.288
0.288
0.288
0.288
0.288
0.288
0.288
0.288
0.288
0.288
0.288
0.288
0.053
0.053
0.053
0.053
0.053
0.053
0.053
0.053
0.243
0.408
0.408
0.408
0.408
0.408
0.408
0.408
0.408
0.408
0.408
0.408
0.408
0.408
0.408
0.408
0.408
0.408
0.408
0.408
0.408
0.243
0.053
0.053
0.053
0.053
0.053
0.053
0.053
0.053
0.053
0.053
0.053
0.053
0.053
0.053
0.053
0.053
0.053
0.053
0.053
0.053
0.053
0.053
0.053
0.053
0.053
0.053
0.053
0.288
0.288
0.288
0.288
0.288
0.288
0.288
0.288
0.288
0.288
0.288
0.288
0.288
0.288
0.218
0.218
0.218
0.218
0.218
0.218
0.408
0.408
0.408
0.408
0.408
0.408
0.408
0.408
0.408
0.408
0.408
0.408
0.408
0.408
0.243
0.243
0.243
0.243
0.243
0.243
0.243
0.243
0.053
0.053
0.053
0.053
0.053
0.053
0.053
0.053
0.053
0.053
0.053
0.053
0.053
0.053
0.053
0.053
0.053
0.053
0.053
0.053
0.053
0.053
0.053
0.053
0.053
0.053
0.053
0.053
0.053
0.053
0.053
0.053
0.053
0.288
0.288
0.288
0.288
0.288
0.288
0.288
0.288
0.288
0.453
0.453
0.453
0.453
0.453
0.218
0.218
0.218
0.218
0.218
0.218
0.218
0.218
0.218
0.218
0.218
0.218
0.218
0.218
0.408
0.243
0.243
0.243
0.243
0.243
0.243
0.243
0.243
0.243
0.243
0.243
0.243
0.243
0.243
0.243
0.243
0.243
0.243
0.243
0.243
0.243
0.053
0.053
0.053
0.053
0.053
0.053
0.053
0.053
0.053
0.053
0.053
0.053
0.053
0.053
0.053
0.053
0.053
0.053
0.053
0.053
0.053
0.053
0.053
0.053
0.053
0.218
0.218
0.218
0.218
0.218
0.218
0.218
0.218
0.218
0.218
0.218
0.218
0.218
0.218
0.218
0.218
0.218
0.218
0.218
0.218
0.053
0.053
0.243
0.243
0.243
0.243
0.243
0.243
0.243
0.243
0.243
0.243
0.243
0.243
0.243
0.243
0.243
0.243
0.243
0.243
0.243
0.243
0.243
0.243
0.053
0.053
0.053
0.053
0.053
0.053
0.053
0.053
0.053
0.053
0.053
0.288
0.288
0.288
0.288
0.288
0.288
0.288
0.288
0.288
0.288
0.288
0.288
0.288
0.288
0.397
0.397
0.397
0.397
0.053
0.053
0.053
0.053
0.053
0.053
0.053
0.053
0.053
0.053
0.053
0.053
0.053
0.053
0.053
0.053
0.053
2.305
2.305
2.305
0.202
0.202
0.202
0.202
0.202
0.202
0.202
0.202
0.202
0.202
0.202
0.202
0.202
0.34
0.34
0.34
0.34
0.53
0.53
0.53
0.53
0.53
0.53
0.53
0.53
0.53
0.53
0.53
0.53
0.53
0.53
0.53
0.53
0.53
0.53
0.53
0.53
0.53
0.562
0.372
0.607
0.607
0.607
0.607
0.607
0.607
0.607
0.607
0.607
0.607
0.607
0.607
0.607
0.607
0.372
0.372
0.372
0.537
0.537
0.634
0.634
0.634
0.634
0.634
0.634
0.634
0.634
0.634
0.634
0.496
0.496
0.496
0.496
0.496
0.496
0.496
0.496
0.331
0.331
0.331
0.331
0.331
0.331
0.331
0.331
0.331
0.331
0.331
0.331
0.331
0.331
0.331
0.331
0.331
0.5
0.5
0.5
2.289
2.289
2.289
2.289
2.289
2.289
2.289
2.289
2.289
2.289
2.289
2.289
2.479
2.479
2.447
2.447
2.447
2.447
2.447
2.447
0.893
0.893
0.796
0.796
0.868
1.033
1.033
1.033
1.033
1.033
1.033
1.033
3.016
3.016
2.591
2.591
2.591
2.591
2.591
2.591
2.442
2.442
2.442
2.442
2.442
2.277
2.277
2.277
2.277
2.277
2.277
2.277
2.277
0.294
0.294
0.294
0.306
0.306
0.306
0.306
0.306
0.306
0.306
0.306
0.306
0.306
0.306
0.306
0.306
0.306
0.306
0.306
0.306
0.356
0.356
0.356
0.356
0.356
0.356
0.496
0.546
0.496
0.496
0.634
0.634
0.634
0.634
0.634
0.634
0.634
0.634
0.634
0.634
0.634
0.634
0.634
0.799
0.799
0.799
0.799
0.799
1.445
1.445
1.445
0.471
0.471
0.471
0.471
0.471
0.471
0.471
0.706
0.706
0.706
0.706
0.706
0.718
0.718
0.541
0.541
0.541
2.644
2.644
2.644
0.541
0.306
0.306
0.806
0.806
0.971
0.971
0.794
0.794
0.794
0.794
0.794
0.794
0.794
0.794
0.794
0.794
0.794
0.971
0.971
0.794
0.984
0.984
0.984
0.484
0.484
0.484
0.484
0.484
0.484
0.484
0.661
0.661
0.979
0.979
0.979
1.144
1.144
3.126
3.126
3.126
3.126
3.126
2.936
2.936
2.936
2.886
2.886
2.886
2.886
2.886
2.886
2.886
2.886
2.886
2.886
2.721
2.956
2.968
2.968
2.968
2.968
2.968
2.968
2.968
2.968
2.968
2.968
2.968
2.968
2.968
2.733
2.733
2.733
2.733
2.733
2.733
2.765
2.765
2.765
2.765
2.765
2.765
2.765
2.765
2.765
2.765
2.765
2.765
2.765
2.765
2.765
2.955
2.955
2.955
2.955
2.955
2.955
0.456
0.456
0.456
0.456
0.456
0.456
0.456
0.456
0.456
0.456
0.456
0.456
0.456
0.456
0.456
0.456
0.266
0.266
0.266
0.415
0.415
0.415
0.415
0.415
0.415
0.415
0.553
0.553
0.553
0.553
0.553
0.553
0.553
0.541
0.541
0.541
0.541
0.541
0.541
0.541
0.776
0.776
0.776
0.776
0.776
0.776
0.776
0.776
0.776
0.776
0.776
0.776
0.744
0.744
0.509
0.674
0.674
0.674
0.674
0.674
0.674
0.674
0.674
0.674
0.674
0.674
0.674
0.674
0.686
0.686
0.537
0.537
0.686
0.686
0.686
0.352
0.352
2.483
2.483
2.483
2.483
2.483
2.483
2.483
2.483
2.483
2.483
2.673
2.673
2.705
2.705
2.705
2.705
2.705
2.705
2.705
2.705
2.705
2.705
2.705
2.705
2.705
2.705
2.705
0.436
0.436
0.436
0.436
0.436
0.246
0.246
0.246
2.349
2.349
2.349
0.246
0.246
0.246
0.246
0.246
0.246
0.246
0.481
0.481
0.481
0.481
0.481
0.531
0.531
0.531
0.531
0.481
0.481
0.646
0.646
0.646
0.411
0.411
0.411
0.411
0.411
0.399
0.399
0.399
0.399
0.399
0.399
0.399
0.399
0.399
0.399
0.399
0.399
0.234
0.234
0.234
0.234
0.234
0.234
0.234
0.424
0.424
0.392
0.392
0.404
0.404
0.404
0.404
0.404
0.404
0.404
0.404
0.404
0.404
0.404
0.436
0.436
0.436
0.436
0.436
0.436
0.436
0.246
0.246
0.246
0.246
0.246
0.246
0.246
0.246
0.246
0.246
0.246
0.246
0.246
0.246
0.246
0.246
0.246
0.246
0.246
0.246
0.481
0.481
0.481
0.481
0.481
0.481
0.531
0.531
0.531
0.531
0.531
0.531
0.531
0.531
0.296
0.296
0.296
0.147
0.147
0.097
0.097
0.097
0.097
0.097
0.097
0.097
0.097
0.097
0.097
0.097
0.097
0.097
0.097
0.097
0.097
0.085
0.085
0.085
0.085
0.25
0.25
0.388
0.388
0.578
0.578
0.578
0.546
0.546
0.546
0.546
0.546
0.546
0.546
0.546
0.546
0.546
0.546
0.546
0.546
0.381
0.381
0.381
0.381
0.381
0.381
0.191
0.191
0.191
0.191
0.191
0.191
0.191
0.191
0.191
0.191
0.053
0.053
0.053
0.053
0.053
0.053
0.053
0.053
0.053
0.053
0.053
0.053
0.053
0.053
0.053
0.053
0.053
0.053
0.288
0.288
0.288
0.288
0.288
0.288
0.288
0.288
0.288
0.288
0.453
0.453
0.453
0.453
1.492
1.492
1.492
1.492
1.492
1.492
1.492
1.492
1.492
1.492
1.836
1.836
1.836
2.026
1.831
1.831
1.835
1.835
1.835
1.835
1.835
1.835
1.835
1.835
1.835
1.835
1.835
1.835
1.835
1.835
0.561
0.561
0.561
0.561
0.561
0.371
0.371
0.371
0.371
0.371
0.371
0.371
0.371
0.371
0.371
0.371
0.371
0.371
0.371
0.371
0.371
0.371
0.371
0.371
0.371
0.371
0.371
0.509
0.509
0.509
0.509
0.509
0.509
0.744
0.909
0.909
0.909
0.909
0.921
0.921
0.921
0.921
0.921
0.921
0.921
0.921
0.921
0.686
0.686
0.686
0.686
0.686
2.789
2.789
2.814
0.771
0.771
0.771
0.771
0.771
0.771
0.771
0.891
0.891
1.295
1.295
1.295
1.295
0.891
0.891
0.891
0.891
0.891
0.831
0.881
0.821
0.581
0.581
0.443
0.443
0.443
0.443
0.443
0.443
0.443
0.443
0.383
0.383
0.415
0.465
0.465
0.465
0.465
0.475
0.475
0.575
0.575
0.575
0.575
0.575
0.575
0.575
0.575
0.575
0.81
0.81
0.81
0.81
0.975
1.025
1.037
0.975
0.975
0.975
0.975
2.245
4.348
4.348
4.173
2.07
2.245
2.07
2.07
2.07
2.12
2.12
2.07
2.07
1.905
1.905
1.905
1.905
1.905
1.845
1.895
1.883
1.883
1.883
1.883
1.963
1.963
2.153
2.093
2.093
2.093
2.105
2.105
2.117
2.117
2.117
2.117
2.117
2.117
2.117
2.117
2.117
2.117
2.117
2.117
2.255
2.315
2.283
2.283
2.093
2.093
2.093
2.133
2.073
1.995
1.945
1.905
1.905
1.905
1.905
1.955
0.685
0.685
0.685
0.685
0.717
0.767
0.767
0.767
0.767
0.807
0.767
0.882
0.942
0.942
0.942
0.942
0.942
0.942
0.942
0.942
0.942
0.942
1.117
1.117
0.922
0.922
0.922
0.922
0.922
3.025
3.025
2.86
0.757
0.757
0.757
0.757
0.757
0.757
0.757
0.757
0.757
0.757
0.757
0.805
0.805
0.805
0.805
0.805
0.805
0.805
0.805
0.805
0.745
0.745
0.745
0.745
0.745
0.745
0.745
0.745
0.685
0.685
0.875
0.875
0.935
1.622
1.512
1.512
1.012
1.012
1.012
1.012
0.837
0.837
0.837
1.002
1.002
0.97
0.97
0.97
0.97
0.97
0.97
0.97
0.718
0.768
0.906
0.906
0.906
0.906
0.854
0.854
0.453
0.453
0.453
0.288
0.288
0.288
0.288
0.288
0.288
0.288
0.288
0.288
0.053
0.053
0.053
0.053
0.053
0.053
0.053
0.053
0.053
0.053
0.053
0.053
0.053
0.053
0.053
0.053
0.053
0.053
0.053
0.053
0.053
0.053
0.053
0.053
0.053
0.053
0.053
0.053
0.053
0.053
0.053
0.053
0.053
0.053
0.053
0.053
0.053
0.053
